0.9367088607594937 0.43873517786561267 0.5975773889636609
0.9439252336448598 0.39920948616600793 0.5611111111111111
0.9556650246305419 0.383399209486166 0.5472496473906912
0.9547738693467337 0.3754940711462451 0.5390070921985817
0.9545454545454546 0.37351778656126483 0.5369318181818182
0.9533678756476685 0.3636363636363637 0.5264663805436338
0.9675675675675676 0.35375494071146246 0.5180897250361794
0.9675675675675676 0.35375494071146246 0.5180897250361794
0.9731182795698925 0.3577075098814229 0.523121387283237
0.972972972972973 0.3557312252964427 0.5209840810419682
0.9726775956284154 0.35177865612648224 0.5166908563134979
