0.9169811320754717 0.3767441860465116 0.5340659340659341
0.9273504273504274 0.3364341085271318 0.49374288964732654
0.9366515837104072 0.3209302325581395 0.47806004618937636
0.9389671361502347 0.31007751937984496 0.4662004662004663
0.942857142857143 0.3069767441860465 0.4631578947368421
0.9414634146341464 0.29922480620155034 0.4541176470588234
0.9543147208121827 0.29147286821705426 0.44655581947743467
0.9543147208121827 0.29147286821705426 0.44655581947743467
0.955 0.2961240310077519 0.45207100591715976
0.9545454545454546 0.2930232558139535 0.44839857651245557
0.9587628865979382 0.28837209302325584 0.4433849821215734
