1 2
3 4
5 6
7 8-27.717 12.29
-19.437 -35.857
-0.44431 32.952
18.831 -0.068792
54.174 24.896
-8.2985 19.657
-2.6071 3.879
35.618 -29.242
5.179 -33.602
3.6371 -49.633
49.168 44.617
-15.716 -6.0162
-10.151 2.9463
-3.0942 -28.362
-51.746 23.811
-14.651 21.431
1.7014 32.388
0.7998 44.459
-49.229 -51.894
8.9461 0.096388
2.3274 51.063
4.018 41.188
38.34 -26.873
30.485 30.582
20.911 -28.025
58.222 31.601
-6.187 33.339
-33.464 61.691
8.4954 -38.765
2.6087 2.0042
-10.112 -13.428
18.997 -50.336
-16.348 42.983
1.3468 -7.7652
-9.3368 11.135
2.9753 35.692
-31.125 4.071
-12.894 -27.294
14.885 35.916
-70.661 -17.903
7.1388 42.684
-49.036 -18.804
27.636 -71.877
-39.985 9.8101
-23.219 33.469
14.176 25.472
29.206 26.724
-44.417 -24.833
-18.423 -58.32
33.527 28.096
65.703 23.079
64.087 -19.873
-22.059 -13.126
48.996 54.508
-5.6558 -17.441
13.92 -53.652
-20.274 26.71
25.07 6.9004
59.487 0.42759
29.001 -2.3375
-9.378 31.858
76.106 -28.662
13.903 -53.663
-42.974 -50.831
-20.136 33.746
20.557 17.468
-24.894 -29.256
-42.37 -51.241
-19.591 12.449
-55.853 -50.114
-12.377 -11.301
76.202 11.616
-11.861 28.639
18.833 -51.334
62.56 -14.468
3.7628 -48.439
2.624 47.545
-36.585 0.67011
-6.3581 49.53
-37.199 -33.465
42.722 34.916
-11.758 38.386
18.979 -56.357
-0.44234 66.768
-26.079 -8.2709
3.3914 -20.7
10.57 43.021
-19.418 -83.231
-11.269 -10.27
-78.183 -21.038
82.686 -3.2985
9.4019 -17.829
38.74 -28.478
-17.308 37.488
-5.8944 -70.496
34.86 22.81
3.9248 -57.365
-21.625 -66.474
4.0511 49.507
-72.148 14.253
-3.5447 -39.029
-30.082 -18.521
-62.519 -14.89
-25.78 -14.498
-14.204 -0.11472
-58.514 2.8442
11.683 -7.7993
-22.395 31.989
-18.225 -56.333
-55.034 6.6903
18.195 -1.087
54.773 15.164
35.983 -14.04
4.7063 -16.553
58.306 -28.738
10.752 -29.63
66.517 -26.693
-11.394 5.4338
-39.444 42.704
-2.0777 19.583
-19.839 6.5646
-0.089287 15.409
42.711 55.288
-3.4729 -21.704
-20.756 10.715
37.375 48.901
-8.4564 2.0019
1.1992 2.6224
-28.195 7.4485
-81.727 2.2433
38.398 -32.723
-25.829 7.5107
-0.66177 38.502
-14.993 26.195
-15.139 -12.984
-18.063 13.817
-48.309 17.004
12.33 -10.53
-35.095 -19.562
-77.927 -22.243
72.396 38.077
-23.643 51.051
9.4361 12.225
41.908 -40.952
12.053 46.038
-4.1579 7.149
14.774 -8.4719
40.995 0.90654
-26.126 37.883
-15.246 38.239
-13.999 35.803
17.393 -66.475
48.191 -16.157
8.2517 24.875
71.577 -20.107
-19.872 35.793
-24.655 31.177
59.737 -49.15
-29.646 -32.897
-50.295 -1.7297
-34.489 -25.716
-11.484 7.3551
48.698 -43.418
-1.7312 23.067
63.323 -33.296
-16.977 -74.725
0.84386 -78.547
50.099 -25.805
-15.426 72.798
55.569 -0.58229
35.829 -37.6
-48.494 27.368
28.94 53.39
-17.902 -24.817
19.485 52.879
0.47221 -76.306
52.374 33.013
2.7472 -1.5327
2.9111 61.417
-14.039 -37.066
73.036 27.648
4.5618 12.097
9.2583 55.827
22.83 -21.053
-27.035 47.216
-18.484 40.806
-19.751 -17.062
10.268 28.184
-5.5323 35.47
-2.1242 24.706
-15.273 -29.07
37.27 27.527
-1.1218 4.3141
15.868 -33.863
-20.01 41.302
62.944 -7.3907
52.269 13.852
7.1127 36.786
-21.621 40.055
50.691 9.6709
12.24 -41.06
5.0491 -56.933
11.642 -33.086
0.74283 -31.147
2.5176 25.504
24.372 -25.751
42.588 -8.421
50.207 -25.857
-30.855 -33.31
6.6867 -42.17
37.373 -20.506
-10.004 40.344
21.936 0.80693
37.461 -33.384
1.8118 -9.3735
-22.656 30.193
-34.157 -24.543
-9.3039 4.7885
-52.17 30.983
-19.697 -0.75704
64.78 31.487
21.455 11.206
26.886 26.813
28.083 -53.666
-4.2404 25.17
-19.736 22.043
71.172 -3.181
-39.209 17.314
5.3647 21.185
-2.7843 -27.122
-27.666 -77.843
-17.654 18.861
15.945 -47.376
3.86 -28.02
-32.742 23.504
-23.688 -15.482
-22.517 34.835
-24.448 39.445
-39.946 9.8189
10.869 -12.267
16.454 -29.104
-12.13 45.059
-3.0595 2.2837
-12.347 -52.588
-71.242 -18.482
-5.1793 22.461
-7.1835 1.4777
51.561 -0.59137
-27.139 22.155
-10.659 18.71
0.44075 -11.281
2.2665 18.663
20.342 -44.153
-64.782 -3.2717
26.569 65.879
24.006 -4.6275
39.738 12.621
-10.774 -15.298
-8.5145 -20.907
46.304 11.496
-48.38 -13.365
33.577 -41.016
22.403 -16.97
56.735 -25.631
-30.123 39.788
12.467 3.1482
-59.078 52.089
-1.94 -33.272
-34.343 67.85
-20.51 -35.423
12.844 5.1051
-48.728 17.263
53.23 -51.543
16.346 21.189
41.775 -55.493
21.206 -67.987
-9.5955 -67.193
-74.358 8.3697
18.229 -7.9444
-39.306 24.673
14.854 -22.435
46.89 35.201
-49.197 37.042
-18.073 -57.161
29.106 18.657
31.909 40.545
-11.119 43.279
60.856 5.6258
-20.211 34.81
0.83505 5.4308
43.565 14.714
-5.1192 -6.2087
44.084 -41.695
-24.947 22.615
-69.882 29.646
-70.154 20.035
21.333 34.621
28.058 -26.313
5.8178 78.635
68.114 19.4
35.772 30.038
72.123 -40.664
32.723 -12.278
-31.936 -15.579
3.758 1.6166
8.0639 21.172
-80.041 12.054
54.113 47.053
47.651 -9.2259
-1.3938 2.5703
-32.514 -33.958
-14.293 42.897
-1.1998 -17.493
21.017 -28.934
-27.593 33.959
1.5255 -40.829
-27.262 65.13
26.486 47.295
-8.9769 21.768
-15.494 16.782
-70.194 3.2949
-21.969 16.359
1.9237 -41.436
-13.012 15.025
-22.661 -2.047
-20.885 42.433
-26.036 -25.706
-33.839 17.095
-5.663 -31.938
-2.3002 -12.31
55.271 59.595
41.249 2.8965
61.208 0.53371
27.659 -70.535
-37.175 33.108
-17.496 8.5193
17.516 44.281
-65.263 15.921
28.052 -26.3
19.224 42.947
24.722 -78.46
26.02 24.639
14.975 -12.113
17.769 -51.107
3.8934 10.4
0.48082 10.094
5.6226 4.8356
2.0233 -44.129
-6.6899 -29.442
-60.481 52.44
20.636 -63.29
7.2228 -28.138
-28.421 -26.402
-37.61 21.383
18.474 -14.049
7.1222 -13.941
-10.006 34.019
-8.6518 8.3822
17.757 19.393
-0.57886 21.772
-26.749 55.137
-4.8209 59.744
5.8704 43.037
-5.2054 31.373
-3.0512 54.474
-13.649 27.718
25.777 -0.084058
14.075 -5.7343
13.189 -36.095
-3.5773 0.59418
-1.6059 -53.681
-33.644 11.151
15.342 -2.7808
4.57 39.072
25.385 6.8613
5.8293 -19.275
-20.185 5.0854
-36.262 9.3296
-3.0056 28.912
-70.87 -3.5574
20.298 -70.589
21.822 -3.8947
67.577 9.0662
24.182 -56.03
1.081 -36.018
-7.1991 -1.6352
14.273 55.833
15.846 -42.702
63.544 -6.8013
23.91 -54.234
-77.742 -23.453
-43.676 38.698
11.323 17.5
-18.611 -83.758
56.142 60.918
29.332 17.581
-4.8648 -22.015
-26.983 16.108
-4.0412 -16.912
-1.6464 0.88609
-30.479 6.7534
-52.419 9.7081
-39.972 -5.2273
10.683 -28.76
66.942 45.827
-26.175 40.623
-25.528 -60.728
-36.388 -51.245
34.304 -13.04
-56.529 -12.397
45.986 -4.6862
-5.6763 19.072
-73.954 -33.089
18.253 -31.704
36.537 -12.237
-55.588 -4.1598
-70.417 -26.348
7.1528 -11.269
-18.031 21.837
23.247 -32.946
-6.6312 -24.906
68.841 18.705
-53.577 -28.003
28.509 43.583
-25.835 12
-52.019 -25.516
-33.688 2.191
3.4973 -33.862
2.9356 -52.665
11.54 -23.716
20.593 -9.8968
-41.453 51.735
6.6532 23.273
5.9642 -19.694
-60.12 34.521
-7.0934 -21.854
24.304 -57.524
10.142 -61.484
-11.378 32.127
-37.247 -13.144
-30.443 -76.67
-9.1573 63.579
-2.871 23.689
-1.1374 8.922
-13.874 45.57
28.664 51.504
-5.08 -25.19
-58.484 1.6689
-23.153 16.642
-8.6013 24.036
52.073 21.211
7.7376 45.165
30.069 -6.9666
-7.2644 9.3461
15.565 -15.474
-25.665 35.101
11.83 58.641
-36.463 15.391
5.3 10.018
30.752 61.217
51.943 4.7443
-4.5025 -50.84
52.874 4.0644
14.391 14.886
13.666 -5.3977
46.051 21.715
-22.736 38.39
14.441 -68.278
-41.534 2.2664
41.306 7.0757
40.116 2.0827
-46.335 4.2719
51.88 33.145
-19.534 47.196
-0.89501 49.787
9.9483 -65.904
-5.8432 -22.915
-11.999 -32.479
-36.25 48.301
-3.5936 -33.17
5.5867 -42.195
16.021 -16.715
-22.677 27.716
-55.522 -49.121
-40.166 29.526
-34.482 -25.658
-59.934 -6.812
-39.969 -5.2271
-23.216 21.388
-56.792 -18.554
-25.287 -1.4223
29.489 5.7351
-18.952 -7.322
-18.196 -15.819
59.518 -58.772
9.5612 -21.534
-11.119 -24.506
8.7001 -22.754
22.282 -46.581
-52.989 35.336
-4.0725 -4.5796
59.515 -58.771
-1.4175 -21.68
47.343 -55.011
43.784 -61.172
-24.103 34.761
21.933 -34.805
-34.073 -58.419
-39.51 13.433
12.613 33.252
-56.359 -6.1473
-14.944 -12.494
-32.615 -8.5881
-34.793 32.825
-9.6889 -1.0369
28.527 0.4499
-11.906 43.783
18.062 41.829
-47.921 -40.061
-18.472 23.765
-11.261 11.397
-19.292 -11.214
70.723 -8.9833
-63.614 -21.586
18.365 40.865
32.083 0.070222
-10.773 12.2
-18.504 -2.0273
-51.398 57.142
31.972 28.23
28.295 -70.978
-62.29 -23.145
9.8943 -37.804
39.454 17.575
9.7477 44.579
-58.749 -24.205
21.414 42.887
-65.656 42.315
2.6358 26.266
-9.6039 16.733
-9.5646 -48.229
-7.7729 37.555
-52.971 -24.263
-10.663 -51.868
38.673 25.022
15.185 -69.837
0.92515 -84.83
52.677 14.027
29.869 2.3142
80.702 -18.945
-28.567 51.298
9.4246 38.301
15.044 -69.11
-65.653 42.31
-13.633 -38.018
-49.861 -30.605
7.5923 39.054
16.772 -77.092
14.232 -57.644
38.821 18.889
55.767 14.312
-39.616 -1.4814
19.061 2.6806
-34.209 43.956
-41.491 53.143
7.3155 4.9005
34.202 -24.011
-34.909 -38.541
16.775 -77.092
-26.607 31.785
-57.862 -3.4296
-11.595 -4.7955
-26.736 -69.297
-43.218 -0.23813
24.523 -15.919
30.151 -10.86
-25.295 -33.291
-1.9933 11.488
-27.523 42.321
9.3032 39.057
-50.591 -41.172
20.053 -63.9
27.518 10.459
42.662 -9.733
-35.166 -38.566
-9.4706 -57.263
39.341 25.062
22.882 35.362
30.194 -48.506
-9.5289 51.95
1.0782 -18.084
9.1452 19.22
-29.718 -8.0061
8.5204 34.686
-2.2343 -23.13
22.442 68.436
51.644 -5.5617
2.175 49.062
28.618 43.989
-46.726 2.7552
6.1401 33.914
-13.821 -3.0657
-16.512 -27.85
36.708 36.31
49.42 -65.478
-55.445 -58.57
-2.5872 14.67
28.19 24.431
-14.224 -31.639
34.666 -55.126
-33.771 45.655
60.263 48.65
-25.208 -35.649
35.42 -55.541
34.67 -54.755
58.028 -6.4611
53.634 32.384
37.216 15.411
-36.429 -72.887
60.862 12.47
-24.09 0.70711
-29.554 18.979
7.9946 -21.463
-12.924 -3.2227
-74.059 26.765
76.614 11.043
4.5096 -11.29
18.621 -13.346
29.189 -68.448
11.562 38.742
-1.6147 -53.708
-31.642 -0.72781
9.17 -33.645
34.145 51.991
-73.008 -5.0172
-29.413 18.453
-25.673 27.132
46.608 31.54
24.66 22.909
-21.208 14.983
9.9803 64.098
-4.4638 20.375
-14.172 28.666
28.213 74.707
-15.32 -24.383
-8.0028 -44.079
-55.379 26.97
-35.051 -5.9327
5.1942 49.82
35.392 55.803
39.792 72.353
42.488 20.306
-2.4165 -16.069
-23.1 47.852
77.332 -29.651
-15.696 27.542
77.873 -30.08
-17.145 31.047
-30.391 52.975
-16.148 7.2714
-21.821 28.765
11.494 24.041
34.86 -11.218
-36.062 4.161
50.752 -21.04
53.103 -51.39
16.044 4.468
-62.161 23.017
-47.528 -20.299
-51.403 51.66
10.22 63.821
5.931 22.33
-18.494 15.961
9.1173 23.172
10.099 -15.262
29.205 -21.621
-78.787 -11.505
9.9783 -9.6685
-16.81 10.122
-17.145 -24.763
76.173 -1.7848
-6.4999 -38.671
67.843 -25.353
67.903 -14.191
-9.1188 18.339
-5.6535 52.394
-51.485 -24.647
-34.336 -52.666
-27.651 -49.497
58.141 -42.042
79.803 -19.887
67.521 8.6114
23.95 -25.04
28.36 -17.079
4.8577 50.592
63.322 -33.296
-9.7125 -36.092
20.782 -38.092
9.4577 -5.4076
-34.302 -1.1886
-11.334 -51.981
-10.797 -3.1368
-35.882 24.244
-53.378 14.578
18.642 -36.286
-19.923 -13.636
66.58 -26.586
-9.0961 -14.684
-11.842 -6.0025
30.571 21.784
-14.379 23.686
33.697 -38.559
7.6165 -79.566
59.291 -24.852
16.046 2.8918
-20.718 3.1027
-35.175 -18.554
67.485 13.942
-3.1121 -41.026
-6.7517 -17.831
33.581 -9.8506
-42.742 -12.377
66.937 45.822
12.51 -28.527
-15.875 36.477
-6.7457 39.896
36.983 -19.058
-7.0909 -2.0937
-62.709 22.7
34.089 27.258
10.691 -71.72
-3.7623 9.3995
34.455 -12.825
-26.479 -54.606
-32.544 -47.717
-7.7538 -13.708
-1.9794 -7.9684
4.8067 -66.178
-35.543 -42.612
-70.955 28.677
6.219 -18.518
36.866 3.341
-30.425 14.798
-71.926 -12.724
42.905 -10.365
5.3664 44.953
-5.9704 -0.11065
2.1272 30.33
-0.013266 73.139
-5.2751 -18.962
-33.152 -26.209
4.3518 3.2577
-21.288 77.411
5.0455 -6.3786
50.289 -42.372
27.886 -46.323
59.969 -6.8568
51.783 -43.462
-6.5161 3.3689
13.307 -45.405
-0.45123 40.504
4.3049 7.831
-29.956 -28.86
-62.552 -13.656
5.6187 6.5203
-49.898 -0.97504
14.095 -33.858
-51.113 -23.885
-23.857 -7.1573
0.88211 -19.95
16.599 -29.037
37.198 42.047
-50.588 -41.627
-48.384 -13.366
-27.006 0.59847
-56.057 -50.798
-10.18 22.895
-5.1274 15.923
-76.556 19.463
10.528 48.524
-32.348 40.744
-70.71 27.797
11.676 50.989
37.189 48.742
22.176 -62.109
-17.651 5.6151
-6.8953 29.147
-36.766 -2.361
-45.209 -4.7453
36.195 34.275
56.606 -25.62
-8.3976 -32.899
8.3877 -12.331
-39.136 35.231
16.517 26.454
-29.156 46.421
0.28225 68.323
-24.904 5.7533
-17.633 11.957
41.619 25.951
-20.982 52.767
-21.694 33.371
-33.157 52.942
-43.642 38.709
-31.843 -49.679
32.17 68.143
-4.3888 -21.658
-27.356 60.178
-25.356 54.12
47.729 17.051
-31.366 49.954
-2.6518 -50.194
-20.136 20.484
6.1403 12.14
-25.098 -22.674
15.724 62.091
-21.46 22.265
-41.576 -33.826
-38.642 48.866
-8.8871 -11.318
-70.155 20.035
-29.667 33.735
38.489 -37.509
-56.791 -18.552
-54.337 -47.009
-16.198 -12.075
-39.829 48.435
-39.226 -47.542
31.568 38.855
-20.603 -10.883
-23.412 18.987
-23.742 -4.6791
37.683 -37.872
-15.64 29.945
-17.236 -59.045
-41.111 -20.084
-6.8886 -27.387
29.392 -67.863
-0.3077 26.944
-64.156 -14.856
31.817 -25.297
-49.86 -30.606
21.91 -3.898
34.009 15.87
-2.3628 -0.86746
-6.9072 -7.363
-22.958 11.974
-36.014 18.636
-22.474 -45.84
19.933 -52.072
-10.798 10.359
71.134 -3.1875
46.557 -37.99
27.719 -33.923
-2.492 9.9902
-14.084 -25.777
-14.613 15.131
24.213 39.436
-5.0573 -29.003
0.54517 20.615
51.954 -37.007
2.1184 4.2477
-5.2822 -6.6195
31.454 -48.365
12.434 51.843
-18.776 28.192
40.849 -23.716
-46.527 -21.666
7.048 18.518
-28.595 -38.003
-18.059 16.506
17.377 64.379
16.431 -45.615
35.622 -41.166
-20.71 -41.933
10.717 -23.288
-5.1113 -24.707
-31.175 25.862
9.0142 -18.953
18.038 52.09
5.4466 -13.041
-7.1972 -38.041
1.8581 55.755
7.795 -8.6505
-10.202 -17.166
4.8554 30.505
38.074 -7.4767
-46.586 3.3538
-8.8375 29.221
52.749 -11.37
20.678 12.075
-26.173 -34.237
39.565 -51.188
-29.952 -34.144
31.516 61.015
6.8136 78.746
9.7709 -55.795
-4.3863 -57.018
-5.8691 -63.108
18.915 -56.452
-7.1528 -13.403
3.4854 -8.8098
42.421 45.487
-31.343 44.512
16.363 -84.678
-7.4509 31.233
-8.8041 -4.1776
-5.6366 -63.178
29.381 5.5415
-40.918 -53.26
9.2655 10.156
-39.114 17.299
40.022 30.452
19.64 35.591
19.696 23.246
20.356 -46.601
79.175 19.011
-45.841 -9.3232
-9.201 -68.469
21.048 -38.941
64.783 31.484
-45.617 32.788
36.974 -69.724
-28.443 39.177
-13.864 -63.046
34.64 -55.122
-5.6738 9.5949
-70.171 -40.306
65.582 23.2
8.0784 14.768
-14.019 -61.719
-14.634 13.318
-29.524 7.0891
-11.411 -21.942
-2.4438 -45.3
15.871 37.931
-17.103 -10.142
9.3149 -6.4252
-5.7905 -28.113
-66.546 -9.2293
39.416 -3.4683
10.814 -23.407
-36.386 39.634
-36.482 40.472
1.5154 -48.317
15.078 -41.646
-36.876 -37.685
16.315 -42.792
-51.723 -0.32539
52.372 -12.15
-23.008 61.281
-23.899 8.6133
6.4589 -45.211
-20.244 29.209
21.985 38.398
16.569 31.617
38.781 -26.409
-15.416 -8.3404
27.54 -54.183
-5.5131 4.7907
9.1885 -33.559
-61.895 22.652
-3.5382 -39.412
-6.9498 -77.451
0.17735 -35.259
-20.34 -15.113
38.374 63.631
16.445 17.778
-13.559 -13.176
-45.023 -16.158
-38.587 -41.98
9.3454 -43.082
5.0617 -61.71
-59.506 0.28282
79.517 4.5173
14.238 -57.643
72.331 -10.38
6.9456 30.279
-18.068 -41.217
65.951 -27.465
5.1692 60.787
-6.8693 -43.425
-57.147 -34.543
-18.972 1.6659
-57.53 32.589
33.464 19.81
45.89 -3.3191
-19.288 7.6745
-50.41 54.096
-31.765 -63.795
24.754 -42.187
-19.625 17.81
-33.362 6.0878
-0.032027 -23.318
38.472 -3.5444
24.113 -40.731
4.8163 46.532
-22.54 -51.875
4.8908 53.101
-9.8564 45.26
47.144 36.239
-46.444 7.0816
19.737 64.493
5.9811 -31.94
44.428 -16.118
-41.454 -52.128
-28.503 32.471
-14.344 -2.6243
8.944 30.247
53.064 -58.629
-31.774 -13.769
-9.9114 57.151
-0.11492 -57.894
-6.3793 -14.472
-12.783 33.452
59.847 19.954
-33.447 29.062
7.8338 32.408
44.33 7.1586
-31.049 -48.619
15.723 41.666
53.633 -51.999
-34.575 -50.868
35.154 -20.556
-9.0186 -8.0037
-9.734 13.461
-9.7924 6.5848
7.4533 73.897
-17.981 32.174
-32.93 -4.1194
25.586 -19.79
-20.03 -14.248
-40.541 -36.329
-3.0142 12.822
12.76 28.694
-22.21 25.639
-0.10327 17.541
7.6954 -79.532
58.614 -36.251
4.7584 52.683
-39.602 13.436
51.88 21.012
-14.478 48.618
20.962 59.738
14.477 54.558
-31.053 17.774
0.51671 36.375
-3.0448 37.145
27.197 -62.083
-3.851 18.342
-36.138 -20.678
65.809 -49.239
-16.316 -20.019
-30.385 12.187
13.359 -69.183
-4.5894 -74.002
66.136 -49.575
-70.416 4.4794
8.0753 -14.243
-7.6703 17.177
-2.2376 16.427
-21.467 -23.34
-4.3023 3.8344
-22.743 14.448
1.8967 13.927
5.5914 39.51
-51.268 58.22
-17.102 -34.514
12.561 14.061
-54.458 -32.667
-2.8335 7.0141
-19.671 19.859
28.683 -46.291
-7.6079 13.568
25.556 -21.447
45.894 -26.415
-12.966 -23.442
-20.897 -55.984
1.5795 -3.7194
43.86 24.961
-20.379 -44.61
7.7952 11.684
19.446 24.719
28.205 29.786
9.7057 -31.722
14.902 -34.456
-40.955 51.481
-22.552 -38.555
44.542 -35.81
23.608 43.639
35.589 56.527
6.624 73.201
19.772 -33.361
11.065 35.008
-1.2746 13.306
-26.592 -11.273
1.2772 -27.938
7.3025 53.008
66.33 22.457
-24.03 -12.516
31.845 24.231
-3.7207 -8.4429
2.2048 18.513
20.602 6.8301
3.8075 24.488
-30.024 -18.485
1.5497 -0.022955
16.663 12.183
-9.3759 -23.357
38.418 -47.534
-25.791 -18.287
-34.527 21.69
-31.404 -46.247
38.207 -48.428
34.942 30.312
-37.361 27.435
11.696 44.063
-6.5713 -47.506
-49.159 -64.497
13.755 -49.56
-5.8813 23.664
6.8356 28.121
61.983 39.66
12.856 40.211
11.905 69.209
-28.6 -13.341
-10.955 78.654
53.131 -31.876
11.001 29.992
21.976 35.676
45.05 2.5151
17.778 57.852
27.577 58.455
56.077 60.134
37.11 42.083
47.737 -30.885
52.29 4.631
29.741 53.209
-0.30041 7.1403
50.351 3.7296
-50.597 -41.243
-18.791 -8.3626
-50.045 18.14
2.8825 -24.359
-24.759 15.487
-9.7969 -17.142
19.488 3.4222
-70.636 -17.864
-25.442 24.628
3.093 46.725
-25.759 20.471
56.945 8.8967
58.142 -42.035
48.035 47.266
48.574 -8.5578
-32.341 8.3965
35.03 11.275
4.9571 15.323
3.0902 -10.551
0.27805 39.001
25.685 -11.426
-10.71 -7.3608
-8.0774 6.5482
-14.685 -25.082
-32.567 6.2888
-27.091 9.575
-1.8517 57.199
-3.9741 27.141
22.345 -4.3805
0.97151 22.17
-38.75 -35.967
-3.4832 -45.026
23.383 20.377
-12.142 3.7394
-51.03 -64.128
-61.21 3.12
2.8019 2.8277
-0.64042 -75.762
26.571 65.885
-0.028643 5.6407
-15.963 41.197
-60.457 2.7795
-15.311 19.789
-29.023 16.678
21.208 -13.659
3.2515 -18.368
-47.04 -46.822
61.151 40.73
4.769 33.729
-25.178 3.4268
-9.8588 -42.958
-51.131 -9.0212
46.443 -39.399
25.705 -31.283
-12.01 65.842
-6.2308 -78.348
-33.319 -13.137
10.07 21.27
68.373 16.135
49.286 44.172
-27.003 1.6911
44.232 -41.884
-56.233 40.293
0.72958 -47.434
10.777 -1.6689
27.346 -13.045
-39.004 -16.935
-15.675 11.844
-39.469 5.8577
40.965 25.166
-33.923 50.529
-28.978 -25.692
-2.0654 27.426
19.341 -17.328
-21.538 34.222
11.484 24.041
32.858 -39.948
18.795 33.077
-58.488 16.064
-31.982 -13.828
-0.76368 -81.307
1.3349 -5.6724
-32.939 -44.883
3.744 0.092063
-3.7159 11.042
-3.2187 -18.447
-22.317 -2.1817
-46.835 2.2648
-3.1307 51.147
-36.073 33.614
45.173 -2.8551
-34.949 -16.82
-16.382 -3.0374
-15.192 44.222
-29.705 1.3854
34.556 -52.85
41.78 -55.495
19.162 -21.202
-2.6723 -20.121
-46.638 44.423
40.043 73.865
-22.071 68.026
19.589 19.37
-46.703 44.341
9.1412 52.627
34.778 30.583
-2.1504 -8.836
-10.719 21.349
45.906 8.2508
-66.774 9.9887
-2.9446 -50.304
-21.947 -26.511
-13.917 55.612
-48.807 12.071
-65.687 33.045
21.062 -30.206
-18.75 10.374
-63.748 4.6765
-2.3131 -25.207
8.7842 -52.626
-0.37995 -45.884
-27.621 51.077
-16.326 13.891
-43.477 -2.8718
56.609 59.746
-30.165 31.171
22.605 26.48
9.1468 -11.149
-23.581 44.38
-22.703 -7.7242
-15.671 1.4562
-24.437 25.919
-5 -15.105
2.7407 -12.463
-31.126 52.374
18.784 -62.583
-8.3912 -6.0454
-22.467 49.139
-30.952 50.41
6.7756 -45.263
-6.7366 15.547
-20.697 7.745
24.123 2.4759
-7.1915 64.852
14.45 -19.318
29.7 16.529
39.959 73.358
-32.182 -30.364
-5.8134 23.117
-15.059 59.862
-4.4381 39.583
-21.336 18.167
-37.362 -23.608
44.168 40.241
-0.76664 -62.014
-17.624 -13.74
-45.937 5.1083
-20.046 16.236
-61.764 23.787
-31.247 -37.422
-22.743 39.389
14.489 -8.5736
5.3307 -5.515
21.956 0.78776
58.45 31.599
-17.405 54.547
28.523 -42.223
21.267 -67.873
1.6395 16.481
37.657 -21.466
3.7582 4.7553
21.904 -67.633
-20.896 56.196
-21.459 38.39
-42.43 7.2692
-9.6439 37.882
-18.349 36.341
-16.899 39.347
-34.742 47.704
-25.562 51.85
-28.706 49.189
-51.382 57.437
-11.398 17.512
-27.31 59.909
-63.984 33.051
17.83 31.564
-9.0065 41.409
15.775 62.138
-56.64 -4.67
1.1639 -44.672
-8.2387 35.224
-6.3127 71.915
51.663 13.609
-9.5382 20.201
-43.908 9.9634
-28.444 -16.444
-12.962 12.909
22.108 12.861
70.637 21.057
-65.63 33.035
18.834 14.72
50.079 -65.554
-17.086 29.137
-28.096 -34.385
7.6191 16.929
62.818 -7.4899
-16.834 3.2697
-27.562 -34.359
7.9845 28.669
53.066 -30.448
-11.909 -30.799
-4.5079 12.629
-23.034 -25.453
-64.767 3.599
47.151 31.076
-27.779 43.052
-19.545 -25.235
0.21503 -81.852
-4.2181 16.237
40.624 -11.024
31.69 36.805
-15.685 -47.852
37.355 -19.945
71.285 -3.1578
18.019 -21.248
-6.5383 55.367
22.053 22.421
-45.324 14.688
-16.393 -26.399
15.104 -38.561
-13.92 55.626
-41.274 -52.503
39.551 10.528
16.746 33.513
-4.3428 14.303
25.321 13.784
29.931 16.05
-11.866 -33.18
-6.0943 -27.708
-20.062 -60.093
14.408 6.4784
-33.158 -57.512
-37.324 -51.412
2.8919 21.105
12.885 -65.034
-13.632 7.659
25.869 28.625
-25.346 36.067
-24.39 13.228
-8.114 3.3908
20.893 30.436
37.723 36.517
30.408 -22.142
10.06 46.85
-8.4596 0.01634
11.129 0.55035
32.672 19.274
44.07 23.37
-20.513 24.153
11.963 37.207
25.934 33.439
-45.838 -9.3203
9.1105 45.391
16.799 71.603
-19.184 -30.915
-35.665 -5.4461
-74.354 8.3721
39.579 -51.221
4.8764 27.105
41.333 23.308
6.2252 3.1333
-28.657 11.834
-49.085 -18.747
3.2038 9.0946
51.844 -37.016
42.053 -40.981
17.939 36.577
68.35 16.417
33.026 46.86
-5.5301 -78.988
33.157 -31.955
49.76 -37.095
20.586 -31.347
-2.3206 -48.966
-12.342 52.008
-61.059 28.672
-17.065 -74.08
18.933 -50.52
19.709 25.757
40.452 2.0417
28.871 -29.993
24.864 -4.0176
-9.339 -20.629
5.4065 -66.37
-37.17 27.318
-30.125 -33.891
-25.281 -42.352
-19.156 38.179
11.938 -18.736
-13.569 -56.538
4.8688 -62.749
65.302 7.0069
-0.2519 -6.6972
-64.235 -46.96
38.563 19.374
9.5611 -37.656
4.356 -29.52
-34.346 -58.686
-0.18607 60.616
15.66 28.36
51.016 5.8524
-29.087 21.434
5.7568 -72.339
-12.861 1.8064
24.98 31.701
9.1686 -29.14
11.21 37.839
27.413 -5.8208
50.949 -25.962
-2.0014 25.399
12.655 31.415
57.686 0.73156
76.454 11.265
25.439 26.64
21.418 -52.126
-13.976 -61.603
-30.672 43.849
50.991 -43.04
-63.208 -14.564
-21.357 35.523
-1.0535 10.318
-14.444 25.715
3.2073 24.724
-26.475 37.007
28.362 -17.079
31.423 46.962
48.029 47.608
5.3326 1.6313
-21.838 8.9153
17.306 -4.9563
24.989 -28.868
11.114 19.567
-3.8 5.6239
23.188 4.4909
-14.923 9.5517
27.654 10.389
-38.998 2.1986
-63.298 -23.779
65.675 -48.709
28.302 -42.029
-63.914 9.7201
17.102 -42.807
32.414 -4.0189
-78.801 1.0054
-21.109 6.3318
-44.605 34.294
-4.9402 -20.188
20.358 55.166
-56.524 -12.396
3.5814 16.479
14.746 17.897
5.3706 66.71
12.193 -44.515
-39.592 -36.564
13.481 44.718
-59.647 -0.67178
-77.973 0.72961
16.291 -67.082
-17.882 47.522
28.315 53.666
-18.941 -58.643
19.581 37.95
4.8517 34.789
-12.156 -27.256
57.369 59.248
11.579 6.627
-6.0119 -21.456
6.6625 44.531
4.9382 -41.205
67.336 14.155
-16.082 17.004
13.239 35.272
2.9269 -35.21
28.373 7.2145
17.109 -25.586
-14.969 -60.78
14.068 26.392
-10.101 15.125
14.234 -68.511
-8.05 12.721
12.913 11.405
24.147 -40.502
20.571 40.663
47.703 17.054
33.833 5.2909
-50.704 42.457
-63.963 9.7366
-25.224 49.06
1.2799 -27.365
33.147 -60.034
29.637 -45.892
0.069865 -37.523
28.394 -61.743
-5.9814 -12.856
12.792 -16.492
7.4936 -15.519
-16.067 31.892
6.974 -1.8545
15.021 -43.741
53.061 -58.628
-0.059977 3.2272
42.531 31.101
15.909 36.077
43.276 -10.707
-42.383 -32.958
7.4299 13.418
5.1381 -57.006
8.4289 43.745
20.663 -43.136
-12.515 18.582
-7.0623 -10.928
33.291 -47.519
-36.975 -67.697
19.906 -55.594
12.053 -17.853
48.601 -26.145
29.298 -42.732
65.81 -49.101
18.118 11.472
-27.243 35.77
7.178 7.3285
-7.2706 25.477
53.08 -31.424
-14.799 40.898
1.3408 -65.939
-37.331 -13.698
47.292 -74.33
23.719 -2.0903
-34.011 -19.976
-9.9303 -8.4089
19.863 18.364
38.967 58.648
-49.252 -51.891
3.4816 40.662
45.598 8.5273
-37.437 -23.64
-8.8592 -74.283
18.832 42.273
0.98187 -1.9243
67.716 -51.596
2.7971 -9.8715
23.595 -34.949
57.3 31.618
-23.587 -46.632
11.358 12.619
14.572 4.2306
-53.71 -27.905
16.961 -5.5741
8.9651 -79.196
8.9651 -2.3778
4.872 60.481
0.98385 -36.905
-17.21 66.117
28.843 -29.979
53.638 38.7
7.1507 47.711
-29.163 35.652
-3.1441 -40.845
23.42 37.883
-3.5841 -20.305
-5.1385 8.433
18.321 27.121
16.006 0.26543
-16.738 -73.135
-1.2512 -67.347
36.045 19.316
-15.44 72.875
22.642 -7.6764
16.772 40.139
1.3631 -66.007
23.846 18.373
-17.714 -27.966
43.917 40.142
-60.213 -29.314
-33.036 -41.576
-31.572 21.172
-17.086 -73.974
-28.76 36.967
20.228 -24.763
-1.0962 -19.245
62.837 -20.347
63.877 -19.952
7.1525 -28.126
-24.893 37.685
-0.27763 30.097
23.618 -11.216
-42.755 -12.422
-51.822 -9.4046
-13.072 -15.221
5.756 -72.337
67.482 -51.3
-30.374 -1.753
71.174 -20.758
3.1678 -34.547
-1.8864 -9.2851
-55.383 26.969
38.711 -19.595
14.256 33.575
-63.574 -21.662
-4.8108 2.1543
-24.186 -9.9865
1.8521 55.763
-12.204 -49.867
34.74 -6.6896
52.69 37.122
-14.48 3.1998
54.018 -36.405
6.4201 37.995
-6.3398 -34.439
-1.2818 35.308
45.174 62.429
20.636 3.3983
40.726 21.82
0.42458 -13.165
19.873 -32.604
-15.269 34.301
-37.584 21.378
8.6112 37.034
18.935 4.838
-18.244 6.2729
-70.831 28.6
5.6116 -8.7064
-7.3643 -53.764
-35.989 34.129
60.781 -7.0056
0.19191 25.741
-8.2812 -42.008
33.847 -4.198
8.5994 50.587
-14.886 -4.2366
-70.593 -3.3703
-54.189 11.186
7.5086 1.5381
69.434 -32.164
22.934 51.414
-22.027 41.414
-13.828 6.946
-12.663 -31.811
0.84627 7.9179
8.4607 15.822
15.168 9.8467
-49.196 37.037
-61.06 28.699
15.335 44.264
-8.7184 -17.497
-40.82 21.923
19.435 -17.396
-55.534 -58.602
63.607 -40.009
27.027 3.6278
-17.548 -17.681
4.6506 -1.6422
64.42 -5.905
18.949 49.293
53.421 38.341
-2.3089 -3.8035
-31.177 15.444
40.892 44.828
56.943 8.8969
-8.446 10.47
26.807 -12.562
-59.819 -6.7229
-16.413 -52.947
42.328 23.585
-58.783 15.967
7.9332 59.638
-65.917 -34.174
6.2394 0.10532
-38.251 -10.344
32.969 -26.617
11.936 -65.873
-9.6606 -6.3006
-28.363 72.51
38.812 50.511
52.936 -16.794
34.57 47.405
14.424 1.9295
20.548 -9.914
-14.792 -57.442
-30.586 -63.375
23.42 31.198
-13.395 36.906
58.272 -28.94
60.849 5.6266
-8.0182 -26.722
21.386 -2.4523
-28.634 -34.573
79.18 -11.477
24.627 -15.896
20.617 31.986
-39.739 47.835
-57.613 -41.862
-36.878 -32.249
-10.273 8.7721
-3.8094 -14.488
-22.942 2.5392
-11.608 15.962
-42.904 12.52
-26.108 -2.9832
-20.425 -30.188
29.421 -6.7375
51.563 -0.59155
-8.6593 -12.867
25.987 26.751
-48.987 52.179
20.187 -63.635
-20.172 7.1816
-7.8051 2.6567
-70.415 -26.345
5.7572 8.4302
13.47 16.583
57.487 -6.3015
-3.2791 68.109
-26.743 -5.7726
30.764 -35.979
-7.1577 64.878
6.54 25.915
-0.49467 -62.665
-11.456 -30.997
-9.1406 -44.594
-0.27752 -0.28608
27.661 -0.61623
16.795 71.592
3.7099 31.916
-3.4057 42.318
70.986 -39.894
8.3399 8.717
-3.8726 -23.095
13.75 -49.605
-64.248 -2.4678
15.315 -62.162
7.9545 49.014
6.0318 40.655
-2.7728 44.583
21.48 47.02
8.0955 -9
-6.3502 71.966
-8.7291 -22.947
-7.1749 -5.0886
55.782 59.813
9.3669 6.8279
-8.2421 25.945
-8.539 -7.2509
20.601 -4.348
28.579 -53.257
37.681 33.121
-0.071841 -44.152
-33.856 -41.804
72.22 38.272
-14.418 49.66
29.513 -0.25202
10.486 2.472
3.6472 33.603
-19.02 -34.935
38.138 -7.4326
-32.075 13.036
38.863 50.569
-56.438 -25.511
8.6183 -13.216
32.169 24.513
-13.667 -38.736
43.986 -11.262
39.752 12.727
-51.101 -40.852
0.96426 41.04
2.7024 5.8764
-21.996 53.602
-46.135 -56.733
15.311 16.302
28.341 0.6265
-36.753 11.827
-13.862 -19.211
-7.1348 5.2258
31.716 36.839
-20.173 25.41
-11.74 -44.964
-2.3955 -33.019
-17.403 61.313
-49.57 -7.8205
-7.6264 -15.912
-47.017 -46.822
-35.003 -42.16
18.647 64.482
-22.959 6.655
5.9515 -23.925
-54.215 19.948
-58.414 -5.6337
-12.444 21.682
-24.573 29.089
72.292 -10.352
3.0461 -23.158
-20.601 32.436
-29.915 -31.755
-29.902 50.977
-60.825 32.734
30.48 -51.502
-18.595 39.642
-35.912 -72.485
44.477 -35.943
-18.835 34.837
-21.29 56.148
24.105 -25.291
-11.095 19.753
-16.595 -21.495
-20.388 37.301
8.0876 46.531
36.72 -44.747
-0.082264 -8.1005
-3.3651 34.997
-6.3661 -20.491
-9.1771 -58.554
1.9785 -48.653
8.8569 -31.297
-44.976 15.477
2.0118 23.474
9.9551 -60.384
10.191 36.966
-34.139 25.872
-12.289 -9.0474
5.2095 -10.877
-0.11521 -57.895
21.326 47.002
14.88 -14.17
20.347 55.13
3.805 -8.2026
29.285 -71.357
-18.125 -36.663
25.689 39.433
-30.422 -63.324
31.498 -29.486
29.571 52.589
-37.027 43.824
15.024 60.845
-78.763 -11.505
11.137 62.824
-27.237 -78.275
-80.307 1.5656
-8.8696 -3.8777
-9.714 -35.195
1.3696 -37.363
-14.014 -37.248
-8.1826 -8.6006
-10.515 29.955
-15.457 -42.252
31.552 12.972
15.194 9.8636
-63.53 -46.609
-18.949 -1.1956
-31.523 -33.632
60.858 12.378
-12.615 24.818
-12.001 26.76
-14.617 -8.3261
-1.128 -15.529
32.067 -18.184
-13.346 16.874
49.125 24.364
61.003 39.821
-51.744 23.806
-24.313 -40.99
30.165 -10.867
-20.426 39.512
9.3624 2.336
53.528 -10.073
48.589 -31.993
1.4869 -10.854
-0.84118 42.012
11.685 48.296
-19.134 -73.443
34.456 -62.879
-12.34 34.505
35.915 -0.55298
11.711 -13.177
-3.7714 32.978
79.187 -11.477
48.655 -32.076
8.6914 40.774
18.11 78.351
72.016 -19.463
54.411 48.034
6.4019 15.985
-22.958 -21.171
-50.741 4.4198
-21.041 -20.056
-74.058 26.768
-45.473 31.096
14.416 31.836
1.0676 6.8485
-13.615 11.261
25.143 -11.176
-22.155 6.7446
-30.85 -5.1853
-39.541 5.8265
-57.519 -5.033
14.301 39.813
1.1159 -14.602
-13.784 -32.444
23.091 16.044
30.285 53.467
-2.6038 5.335
31.627 38.855
29.655 38.745
48.99 54.505
-33.6 -6.7136
-72.147 14.253
0.67564 -49.921
35.499 12.119
-45.071 -52.279
19.666 38.974
-6.2905 20.789
3.2285 -47.771
12.924 8.5812
-0.92596 -5.6356
-77.975 -21.988
2.838 -24.92
18.108 78.346
17.409 -19.771
36.358 -61.83
-36.165 -43.214
-71.908 -12.696
66.672 8.0006
9.4286 -4.0408
36.596 -62.134
-45.352 -28.659
13.327 0.94338
-8.4317 -18.641
-43.387 23.127
-8.8156 26.094
18.385 6.8974
5.7035 -26.291
-12.847 42.898
17.214 2.2368
-30.838 -48.656
-32.431 -6.2341
33.306 -31.987
-9.6769 2.624
-19.712 -7.0104
60.803 13.779
59.843 20.131
5.6606 67.328
16.342 -45.464
-17.813 27.427
-12.171 -45.044
10.631 40.877
8.1278 -23.705
9.551 -37.925
-8.8504 -78.916
12.646 -10.358
3.9162 6.297
-65.255 15.923
0.81906 -31.515
-18.906 -31.691
11.247 -30.186
-65.901 -34.172
-31.63 33.09
8.7451 -52.429
41.246 38.987
-25.553 17.599
-71.094 -3.7064
31.35 9.3506
-57.386 10.683
31.906 -40.394
7.7499 73.831
31.407 9.3765
-23.829 -19.588
13.707 20.14
20.579 -24.439
-18.3 30.026
19.876 -48.548
5.3944 -22.74
16.544 4.2126
-16.069 51.075
-28.265 14.397
0.64646 13.397
43.108 23.972
-68.503 30.521
26.784 20.959
12.596 -65.464
-21.645 36.498
-24.873 -41.943
5.2334 -50.974
-13.585 5.0069
41.48 -27.913
-62.985 -39.65
-32.226 55.069
12.41 -30.658
55.574 16.432
55.433 15.014
1.2459 34.565
-21.455 -37.938
11.601 -47.726
-29.935 -28.976
38.43 -48.078
2.1757 42.974
30.665 22.012
38.461 -46.698
24.597 61.546
-20.129 -9.5346
66.171 13.867
-56.586 -34.768
57.9 -13.187
29.907 2.4897
5.3793 36.397
35.178 -38.93
40.727 23.29
34.604 -41.148
-31.804 -46.478
6.4609 49.544
-19.679 14.432
-13.16 48.952
-44.627 19.276
39.401 -14.237
28.409 42.954
13.779 -25.507
-41.499 -0.46673
-41.7 -25.02
-16.643 20.817
-80.436 1.6093
-30.984 -1.1966
-0.6375 15.184
-14.256 -29.821
-20.617 -37.538
-36.287 -51.227
-19.932 -57.941
-23.821 -15.819
-15.735 -47.881
47.338 -55.017
25.116 -20.828
-12.592 -37.588
10.639 -21.365
49.201 24.55
-42.04 26.641
-58.168 51.787
41.898 -17.47
-5.7126 -15.897
-14.291 -21.635
48.897 23.949
20.187 -71.062
42.273 45.427
45.521 -47.063
-53.271 14.758
-2.3476 20.43
15.706 38.412
-45.174 -28.233
-21.6 0.61684
-17.582 62.306
10.564 4.7242
-62.849 -14.358
3.3241 -30.645
-45.714 32.805
-26.897 -3.5486
-9.4267 -45.954
7.0326 9.9579
-4.7135 -73.85
23.49 42.584
31.027 -14.488
-6.9282 -77.294
3.5758 -46.004
-23.927 19.244
-4.6346 -86.124
-57.908 51.898
-27.144 13.025
-74.399 32.579
-12.858 -1.3893
-10.042 1.3531
2.6191 39.783
13.366 33.033
14.867 53.68
-21.62 -66.477
0.55501 -83.91
7.7047 -4.7297
5.2277 -48.901
-0.26467 52.847
32.39 -59.795
-4.6372 -2.4476
-37.361 -67.144
15.127 -22.445
18.894 -7.2331
-43.659 27.04
20.56 -38.235
-25.795 47.876
59.854 20.933
2.8443 12.051
-7.5846 27.204
-42.493 -7.4283
-42.775 -44.135
14.794 -34.276
27.199 1.7489
-2.2939 -31.135
-30.514 37.912
11.137 35.48
-45.028 -16.168
36.834 22.206
40.153 -32.881
-8.6198 -43.817
58.116 -25.485
39.974 -33.007
-17.801 19.282
-18.716 3.785
29.298 -52.664
-0.61177 45.576
16.066 -16.834
-27.253 11.363
29.722 -22.131
-48.815 42.853
-27.872 24.485
-15.623 -17.299
-61.009 32.85
-6.0498 13.836
23.576 43.848
0.71447 -84.33
-6.0382 -76.32
-51.703 53.912
-12.032 65.872
16.505 35.497
32.516 -27.023
47.607 -1.5073
0.0028237 -81.855
-51.007 53.665
-27.82 26.998
-11.688 -17.909
-15.562 -1.3004
20.79 -37.52
-73.937 -33.082
-30.999 4.2262
25.506 -9.1538
21.26 -13.604
8.317 -48.414
-29.808 28.781
26.28 32.217
6.0187 14.035
-0.084116 -26.512
-15.733 -15.615
0.32451 -24.404
1.2711 11.703
-13.491 -5.181
-37.816 6.5215
-3.3948 79.124
9.9135 26.096
-22.096 68.133
79.206 18.991
16.119 14.038
5.7049 32.233
-20.737 -37.671
-60.669 32.158
-66.544 -9.2295
-5.5746 6.4249
4.6172 29.062
-10.933 -19.805
-32.085 -6.403
-53.51 3.1247
-41.57 52.651
-52.768 -15.637
-72.146 -4.4154
3.0503 45.22
-27.056 -4.7795
-49.214 -64.486
67.894 1.57
25.726 14.584
0.35056 -20.883
16.8 5.4345
-21.476 -29.461
32.482 -31.709
47.311 -74.329
-7.6313 18.953
-10.191 63.14
6.7526 -25.464
-26.22 41.682
-15.618 -23.302
-3.0761 -74.791
13.234 -45.92
-27.76 38.214
21.881 72.923
24.878 -35.01
-44.79 -70.25
12.905 -28.292
-41.742 -61.994
-47.062 22.611
33.782 6.4922
-28.718 -41.584
48.341 -16.151
79.883 -19.797
33.857 5.5202
-46.096 13.725
-58.785 22.085
2.0496 10.213
-34.764 54.958
14.109 -2.3793
50.936 -21.134
41.649 -64.222
30.13 33.877
7.4058 14.879
3.7144 42.126
-18.417 33.524
-9.1173 -26.751
31.561 -48.276
17.93 11.647
25.063 12.721
-28.738 12.802
26.335 -38.57
10.322 32.4
-21.553 -5.2282
-5.867 -3.8453
-7.827 20.3
0.66635 4.3821
-56.523 -35.05
10.49 48.581
19.133 17.86
-41.543 -61.786
-70.226 3.4713
-56.081 -50.891
14.438 -30.807
24.009 -78.45
-4.1479 -25.339
10.139 -61.419
-3.3954 79.127
48.662 -8.4937
2.6484 14.87
-7.0275 -45.075
-34.636 36.943
52.556 -11.764
-31.298 -51.485
-52.769 -15.633
-15.093 -65.809
-5.1905 70.516
-36.06 -70.924
44.209 -63.743
63.607 -40.008
-0.50133 -66.938
24.673 -11.11
1.171 -19.485
3.0828 -13.255
43.704 50.207
23.284 24.414
34.005 15.871
-0.071838 23.651
59.164 -24.933
-2.2268 39.951
30.737 34.555
11.044 10.677
-23.673 -46.69
-12.599 40.994
13.266 -0.82295
-8.996 37.529
-46.569 -21.612
12.547 8.8427
35.911 -0.55874
-16.303 45.679
-34.057 46.922
-61.097 52.606
-0.28254 11.861
-14.362 30.711
36.68 36.25
1.8361 8.5663
4.2122 -14.417
-50.38 42.529
-45.123 -28.121
-22.885 23.598
54.746 14.896
-3.1891 -10.195
-43.064 -46.017
-21.202 13.264
-44.588 19.253
9.251 55.85
-15.889 -16.575
-7.1433 46.421
35.481 -78.034
27.777 32.905
45.138 -35.086
37.599 -27.348
-20.033 47.664
-4.8295 59.813
-16.523 22.899
-8.0422 33.361
-2.1858 17.592
70.616 21.023
-41.088 -20.009
77.469 19.94
45.859 -3.1815
-23.561 40.672
6.6187 -25.088
-23.867 42.21
17.409 4.0478
71.179 35.982
38.374 63.629
-65.17 -28.844
10.37 -27.119
4.3467 -29.303
67.897 -14.192
53.193 -16.873
33.479 -39.362
6.1143 -3.3408
-56.469 -25.505
-2.8554 30.858
-2.6807 8.5028
16.043 65.648
-27.11 -19.931
7.1186 -6.7332
25.291 39.298
-56.04 -58.79
-5.5514 27.148
4.7242 24.341
-14.35 47.358
71.68 -40.36
-7.1059 -62.857
-7.272 -24.923
6.181 -35.256
-29.501 -22.154
39.688 -3.4472
-31.477 34.68
-6.2542 -39.723
-13.31 22.878
21.728 9.5308
53.879 -17.06
-34.615 35.77
-1.6212 -11.591
-28.365 72.511
-42.792 -43.94
25.64 48.774
28.213 74.724
11.905 69.208
-5.9018 17.493
-11.029 -1.2344
-10.955 78.654
67.895 1.5658
-40.014 -29.28
54.205 47.387
8.8843 42.636
6.2633 40.915
-42.325 15.757
10.163 32.567
32.582 0.039471
-4.5549 -13.468
11.735 45.011
-21.375 20.261
17.104 -25.583
20.248 -36.699
53.941 5.8814
57.412 -19.569
25.636 48.619
-27.601 -78.043
9.426 -43.076
-57.867 49.952
-33.488 29.088
25.07 -51.14
-15.723 5.1448
-34.663 -46.665
-9.9236 57.128
39.741 71.964
-0.23722 -3.7856
0.68036 32.947
10.413 8.4336
25.13 -50.996
-27.478 56.249
-27.81 54.377
2.9883 -6.3762
-8.2025 42.639
-11.883 20.234
15.111 -38.565
0.3448 47.011
-22.35 53.867
-31.897 54.018
-4.0468 47.216
-13.816 39.289
83.478 -3.1942
41.992 -33.303
-20.598 43.434
-20.706 15.243
-18.265 -83.976
-21.951 45.158
2.1264 37.634
40.723 -45.93
44.121 -14.61
57.569 1.0931
-38.87 46.175
-44.789 -70.254
41.845 -16.482
26.173 -38.641
1.3904 28.322
23.836 53.594
-17.865 60.02
-17.244 60.425
-17.415 61.183
-16.177 46.802
26.1 17.518
-20.056 51.42
14.47 64.701
27.257 35.962
-20.889 30.952
10.541 -5.6161
-31.134 -11.399
-45.965 -33.775
69.534 15.031
-32.329 53.379
-22.301 44.304
-38.176 -7.9995
-11.1 36.058
-32.665 -22.734
-4.6361 -86.125
4.8654 47.939
18.69 46.594
23.514 34.907
-41.158 1.0829
-49.863 18.022
10.329 14.376
-24.417 41.248
-50.904 -2.522
35.632 -63.658
0.4694 -16.233
-50.626 -2.1596
36.411 -10.11
14.322 22.697
-5.614 44.56
42.845 -63.274
-54.658 -27.549
-29.029 10.058
24.558 10.077
-0.90461 -1.976
13.523 46.757
14.734 48.895
14.659 49.454
14.849 48.316
33.885 31.864
-25.151 10.151
7.7687 49.422
16.775 24.146
55.886 31.75
-25.393 33.392
-14.314 -8.3605
23.225 50.617
17.292 42.334
-17.706 44.304
-9.2087 -59.419
18.475 24.625
-22.789 37.303
14.319 12.731
-21.704 -17.437
8.5434 73.289
4.9056 -38.326
-4.4338 -11.868
-19.264 -30.895
-19.309 30.747
52.992 -4.8528
22.866 19.169
27.296 -46.521
-41.099 -20.109
-27.707 41.295
23.899 57.864
16.283 64.372
-18.229 25.743
37.241 7.722
-40.377 49.118
14.429 22.955
4.0856 43.954
42.712 -63.497
-64.345 -2.6201
-5.7334 42.092
-20.174 -45.24
-19.236 -22.147
-17.639 -58.951
16.165 7.2248
4.0079 13.697
-21.525 -15.635
-3.0613 -35.749
-18.24 -60.077
-17.044 48.773
-19.456 -35.993
-14.086 44.232
1.3788 61.368
14.285 55.416
-13.631 19.845
-43.606 27.029
8.2229 26.591
2.9106 61.378
2.3102 -22.461
-36.831 31.01
62.561 -14.47
-5.1354 -57.296
18.484 -46.468
-10.829 25.153
11.914 26.644
24.131 -54.74
4.3855 -43.693
-25.826 -22.755
26.792 20.952
39.496 -40.655
29.454 -21.803
42.397 39.493
-0.048858 40.175
-19.984 -45.792
-10.937 -11.856
42.494 31.148
-42.917 51.295
4.7622 -47.345
-10.139 51.763
-41.882 -10.37
-14.254 9.4083
11.212 -32.691
53.051 20.779
45.391 -25.983
5.2599 17.56
-41.612 -61.85
-8.3519 -31.193
31.427 61.037
-12.963 -20.588
13.234 -64.257
20.023 21.148
-62.811 -23.116
25.329 -3.89
2.1046 0.99098
-5.2742 -57.366
-0.73039 29.298
-52.019 9.3414
24.207 -53.672
15.18 17.131
-52.176 30.979
-15.115 22.556
-15.131 71.405
3.1826 -27.337
53.026 23.692
-36.055 -70.798
43.567 14.713
47.272 -16.188
71.375 -20.41
22.8 -16.538
58.156 -29.639
77.398 -29.705
-26.033 -69.315
10.885 -38.268
-8.0627 -14.245
0.98596 46.129
35.507 -77.947
-57.49 52.938
37.253 7.7266
32.067 -18.182
-45.227 -4.7654
6.2211 -31.49
69.436 -32.171
-40.263 -36.469
41.271 -3.3767
1.5417 5.56
47.008 -2.127
-13.286 -17.189
42.065 -27.063
39.647 11.853
17.958 22.364
41.511 -28.515
-74.68 -33.347
37.6 -62.128
-14.93 -42.05
45.291 2.5459
-14.314 18.325
-51.445 -9.1925
72.027 38.879
6.8068 -1.1512
-27.131 5.2521
-28.053 -58.171
18.26 -39.957
41.222 7.0831
-18.975 32.44
8.0169 35.929
23.779 -20.847
2.8146 -18.792
23.641 -35.027
3.0926 28.827
28.133 -70.882
23.793 53.466
-22.537 -51.886
-2.8698 -6.2994
-50.017 6.7443
-12.59 30.594
-25.521 -18.351
-28.67 48.549
-25.474 56.333
8.9583 -79.201
71.206 36.048
-25.864 -14.491
-18.045 -49.152
10.936 -12.684
-57.364 10.686
-10.274 -29.471
-26.12 14.218
16.862 16.026
-17.9 -49.634
36.488 -17.677
34.952 11.147
-18.896 -19.286
-35.591 -10.175
-13.278 20.966
-33.463 61.686
-31.292 10.367
47.294 -74.331
21.653 9.877
-39.647 -37.448
10.043 -26.035
-58.426 2.9342
72.599 4.1788
44.9 -21.117
-1.4041 -13.914
-5.6562 12.783
10.892 45.976
29.148 -6.6369
-1.4254 7.5465
-63.981 -46.831
44.896 -21.126
11.942 -70.547
6.0564 -34.617
50.775 28.616
-29.842 8.1825
-26.928 -69.291
-35.137 14.491
-24.684 25.823
-48.807 -2.2835
-43.355 -49.825
-7.1988 -12.456
9.7646 -55.783
-61.492 24.43
-36.906 -67.777
-39.411 35.365
-23.932 38.451
16.08 -84.208
-56.984 41.085
-0.84901 -50.454
-2.6488 -2.9245
-21.864 -33.589
33.293 4.0477
-10.117 27.53
47.062 8.9011
23.591 28.582
18.958 15.057
42.519 -62.436
27.019 31.142
35.559 42.634
-2.7722 21.659
53.542 -44.62
-4.3043 -0.97103
-22.391 4.4821
6.7703 46.405
5.4565 66.916
9.2999 17.798
-34.64 7.8718
63.338 -9.024
-21.794 -10.537
-56.064 -34.151
-16.925 -57.248
-38.127 44.989
-5.376 1.7634
4.5316 18.533
36.023 37.182
-16.445 17.599
-40.801 47.18
-54.72 52.287
42.717 55.291
22.642 -54.435
46.538 -37.801
-34.832 -73.234
33.944 -14.495
-37.193 -11.023
7.7725 5.8689
-51.032 53.298
18.47 31.258
25.725 -44.758
-5.8315 -8.807
7.1139 -16.357
-29.501 -22.154
71.494 -40.242
18.387 -53.054
3.7566 -3.4454
-6.0804 -35.329
58.577 26.014
-11.79 51.586
52.799 -4.937
3.8838 -66.304
-57.61 -41.862
16.709 46.951
37.737 -31.604
-12.997 -19.695
54.275 25
-24.325 31.795
-48.336 32.851
52.236 22.34
-0.24816 22.463
18.234 9.0351
-3.2874 47.816
3.8899 8.9265
-59.517 15.742
-0.42509 66.925
-10.597 62.42
-29.041 34.183
17.667 -10.508
-30.183 26.38
-1.8791 6.4992
-2.8857 -26.365
11.396 -21.093
-19.314 -42.078
-12.052 11.256
-43.158 -42.384
-12.158 9.3188
-48.821 12.061
-26.481 -54.608
-40.025 -29.269
-40.424 41.428
2.7445 -16.026
-30.747 34.827
45.174 62.43
-66.747 9.986
-25.146 46.27
-37.169 -33.318
0.39395 8.7199
-41.047 -16.256
-27.679 -49.493
-14.494 -11.27
33.35 -36.344
23.517 42.191
-4.9101 29.39
-63.436 22.372
41.653 -16.034
-11.594 13.836
27.054 -33.506
34.766 -12.214
5.1825 58.9
38.322 2.511
-40.028 -17.137
36.139 -60.293
-17.85 -4.6987
13.606 42.435
19.664 49.119
19.846 -46.909
36.974 -69.468
-24.266 36.963
-15.942 51.014
-17.952 -60.92
20.531 -46.439
-18.582 42.827
-32.039 -31.062
2.5745 44.551
-12.591 47.411
36.985 -69.329
-31.352 38.035
-50.326 -35.261
33.687 -26.435
61.253 40.043
-27.424 19.078
9.954 16.069
23.788 7.2387
35.146 -79.188
18.077 -53.768
-6.7696 7.6063
-16.61 24.908
-10.213 -40.482
-16.803 15.935
27.91 -34.018
-14.321 32.401
-17.318 0.15244
-12.731 -32.015
-9.0879 -75.61
73.002 27.624
-27.819 -2.9952
50.027 -65.549
-29.564 -78.571
28.037 -6.1311
-44.314 -24.74
-34.456 54.76
-28.374 3.5956
9.1065 13.228
-37.143 -12.179
82.747 -3.291
-19.77 31.921
22.218 -36.86
-27.184 29.582
27.371 -55.139
-34.885 7.9948
-46.463 7.2465
-28.068 -26.775
-34.203 13.958
13.581 -1.8997
20.423 -69.93
-19.126 -42.115
-0.12008 19.054
59.749 -49.152
-60.209 -29.307
12.864 18.429
33.262 28.327
-19.036 45.255
45.849 -48.823
-80.037 12.056
-9.1205 -9.4609
35.69 -63.788
0.36804 -76.306
36.1 22.131
-16.856 35.088
44.325 9.3967
20.79 27.708
-18.277 -48.859
-12.347 -10.117
-0.7288 -15.402
-7.6312 22.367
-42.329 32.046
17.222 -10.271
-18.624 -22.28
-8.3737 15.292
-33.357 19.54
-41.12 19.923
15.539 19.534
-0.14473 -15.355
-40.861 63.445
52.791 37.312
-40.862 63.449
8.7653 14.589
20.889 24.568
3.5677 -4.2718
-26.995 52.519
50.221 -20.777
14.817 -13.539
3.5408 20.753
2.4413 7.2976
-13.222 -10.167
-25.533 -60.714
28.389 13.244
13.467 37.757
45.896 -49.191
-48.498 27.366
-63.835 4.4106
32.175 68.139
18.11 -1.8117
-21.287 77.413
8.7624 47.088
9.8334 -14.986
21.666 13.436
6.3778 78.639
-6.2356 -50.964
-21.742 -38.083
4.2274 37.749
-25.459 39.226
36.713 -27.355
-11.414 23.309
-12.729 -7.5893
-45.583 -54.564
7.667 3.8382
-5.5017 -10.462
45.163 17.757
52.354 57.162
-29.536 -48.688
14.309 29.938
79.525 4.5173
46.026 -26.466
23.67 37.45
-50.316 -35.27
41.431 -34.988
32.659 46.849
63.494 25.672
40.916 -35.428
-25.066 -28.959
-19.948 8.9821
57.403 -19.582
-15.061 -65.755
-27.512 -10.762
-70.074 -39.977
-25.58 43.51
4.0658 -20.973
-54.409 19.965
17.596 38.558
-62.984 -39.648
-5.2404 -14.336
21.198 18.995
40.589 -45.969
-74.415 32.588
-40.422 -38.675
19.086 29.218
37.327 -62.115
60.262 48.648
42.257 33.729
46.264 28.207
-19.774 -40.857
-1.5735 32.51
-45.889 -55.961
68.707 8.0475
7.7794 52.324
31.107 -38.487
31.59 12.947
-23.701 36.194
-57.97 50.715
-8.8684 -75.481
50.211 -42.774
-17.843 -7.1846
4.8441 -62.918
-0.022772 -9.4531
-16.285 25.582
-30.087 23.497
-31.936 40.629
38.007 -24.514
33.961 -4.1943
-8.9342 33.754
73.739 28.144
-47.226 22.762
-41.467 -0.86391
-9.4152 48.101
11.378 -4.0509
21.552 36.419
17.056 29.807
49.518 43.39
-1.3368 5.8134
-5.3834 37.542
58.619 -36.241
-11.568 24.426
-1.5831 -27.717
-5.3466 11.08
6.6761 19.56
-19.974 -3.7712
5.6785 -55.699
-42.364 -24.942
-12.165 1.1113
-35.321 -26.313
-11.955 -13.807
-3.2618 -74.669
21.171 6.4555
-33.729 2.1538
21.064 16.138
-34.351 67.848
11.811 15.68
19.389 -21.246
-6.8846 11.443
46.269 11.325
-29.065 -8.3223
-26.578 38.706
-16.799 33.42
-29.593 -78.606
-55.982 40.022
37.571 -45.553
-14.376 46.285
12.607 42.253
9.1331 4.6756
27.89 -61.896
8.2255 75.04
-2.1948 9.3841
29.263 4.6729
11.153 -48.066
39.652 71.407
47.152 31.097
-18.842 -43.355
12.08 21.584
-22.926 10.612
16.459 -84.841
24.398 -78.452
46.404 7.2764
57.903 -13.188
-27.847 39.788
0.068016 1.3887
8.8485 34.285
-29.075 6.0135
