Timestamp: 2016.04.19.14.42.10 Positive Percentage:
0.785 0.45074701195219125
0.8 0.4404517453798768
0.75 0.4290254237288136
0.6666666666666666 0.41849015317286653
0.64 0.4100678733031674
0.6133333333333333 0.4019906323185012
0.5616666666666666 0.39429611650485435
0.54 0.38797229219143575
0.5116666666666667 0.3820026178010471
0.465 0.37670299727520434
0.4633333333333333 0.3729403409090909
0.44 0.36891691394658754
0.4083333333333333 0.3656055900621118
0.34833333333333333 0.36351791530944627
0.39666666666666667 0.3642979452054795
0.40166666666666667 0.3625451263537906
0.37666666666666665 0.3603053435114504
0.3416666666666667 0.35931174089068824
0.3433333333333333 0.3604525862068966
0.32166666666666666 0.36163594470046084
0.3466666666666667 0.3646039603960396
0.2683333333333333 0.3660427807486631
0.325 0.37456395348837207
0.33 0.37929936305732487
0.29833333333333334 0.3845070422535211
0.32 0.39468503937007876
0.32166666666666666 0.4046875
0.33666666666666667 0.4175257731958763
0.35333333333333333 0.4323170731707317
0.33666666666666667 0.45
0.345 0.4826923076923077
0.465 0.5385135135135135
0.5816666666666667 0.5886363636363636
0.610909090909091 0.6035714285714285
0.25 0.2
*
*
