*
*
Timestamp: 2016.04.25.12.25.26 Positive Percentage:
*
*
Timestamp: 2016.04.25.12.25.38 Positive Percentage:
*
*
Timestamp: 2016.04.25.12.25.49 Positive Percentage:
*
*
Timestamp: 2016.04.25.12.26.02 Positive Percentage:
*
*
Timestamp: 2016.04.25.12.26.14 Positive Percentage:
*
*
Timestamp: 2016.04.25.12.26.28 Positive Percentage:
0.985 0.45074701195219125
0.985 0.45074701195219125
0.985 0.45074701195219125
0.985 0.45074701195219125
*
*
Timestamp: 2016.04.25.12.29.37 Positive Percentage:
0.905 0.45074701195219125
0.86 0.43675564681724843
0.8216666666666667 0.4233050847457627
0.8366666666666667 0.41022975929978117
0.75 0.3957579185520362
0.705 0.38331381733021075
0.6916666666666667 0.37160194174757283
0.6983333333333334 0.3595088161209068
0.68 0.3462041884816754
0.645 0.33256130790190735
0.635 0.3192471590909091
0.5933333333333334 0.3051928783382789
0.5966666666666667 0.29177018633540375
0.5783333333333334 0.2768729641693811
0.5283333333333333 0.26138698630136986
0.4866666666666667 0.24693140794223828
0.445 0.233206106870229
0.44333333333333336 0.22034412955465588
0.39 0.20592672413793103
0.34 0.1932027649769585
0.3333333333333333 0.1823019801980198
0.31333333333333335 0.17018716577540108
0.28833333333333333 0.15770348837209303
0.24833333333333332 0.14522292993630573
0.24333333333333335 0.13433098591549295
0.19 0.12145669291338583
0.17666666666666667 0.11227678571428572
0.12333333333333334 0.10231958762886598
0.12333333333333334 0.09847560975609757
0.155 0.09291044776119403
0.09666666666666666 0.075
0.09166666666666666 0.06621621621621622
0.056666666666666664 0.048863636363636366
0.039473684210526314 0.03214285714285714
0.0 0.0
*
*
Timestamp: 2016.04.25.14.21.13 Positive Percentage:
0.9066666666666666 0.45074701195219125
0.83 0.4367043121149897
0.84 0.4242055084745763
0.835 0.4105579868708972
0.8383333333333334 0.39615384615384613
0.8466666666666667 0.38062060889929744
0.8083333333333333 0.36365291262135924
0.8166666666666667 0.3468513853904282
0.7916666666666666 0.32840314136125653
0.7916666666666666 0.30946866485013624
0.7516666666666667 0.28892045454545456
0.725 0.2683234421364985
0.6816666666666666 0.24704968944099379
0.6533333333333333 0.225814332247557
0.605 0.2038527397260274
0.555 0.18212996389891697
0.465 0.16078244274809161
0.4083333333333333 0.1423076923076923
0.30333333333333334 0.12510775862068965
0.25 0.11278801843317972
0.205 0.10259900990099009
0.19 0.09438502673796792
0.16166666666666665 0.08604651162790698
0.15333333333333332 0.07882165605095541
