0.0012552778728745864 0.02293735022252653 0.013865114686751112 0.9619422572178478
9.699874472212713E-4 0.024420860435923772 0.012381604473353874 0.962227547643501
7.988131918292822E-4 0.0249914412872304 0.011811023622047244 0.9623987218988931
7.417551066986192E-4 0.02539084788314504 0.011411617026132604 0.9624557799840238
6.846970215679561E-4 0.025504964053406368 0.011297500855871277 0.9625128380691544
6.846970215679561E-4 0.025790254479059683 0.011012210430217962 0.9625128380691544
5.135227661759672E-4 0.026075544904712998 0.010726920004564646 0.9626840123245464
5.135227661759672E-4 0.026075544904712998 0.010726920004564646 0.9626840123245464
5.135227661759672E-4 0.02590437064932101 0.010898094259956637 0.9626840123245464
5.135227661759672E-4 0.026018486819582336 0.01078397808969531 0.9626840123245464
4.564646810453041E-4 0.026189661074974325 0.010612803834303321 0.962741070409677
