0.875 0.1510791366906475 0.25766871165644173
0.8823529411764706 0.10791366906474821 0.19230769230769232
0.8666666666666667 0.09352517985611511 0.16883116883116883
0.8333333333333334 0.07194244604316548 0.13245033112582782
0.8181818181818182 0.06474820143884892 0.12
0.8181818181818182 0.06474820143884892 0.12
0.8181818181818182 0.06474820143884892 0.12
0.8181818181818182 0.06474820143884892 0.12
0.7692307692307692 0.07194244604316548 0.13157894736842107
0.75 0.06474820143884892 0.11920529801324503
0.8 0.05755395683453238 0.10738255033557048
