-0.08575938612697316 110
-0.0899743739846143 110
-0.06972705066401394 62
-0.037163868444009575 59
-0.0048981715820207265 194
-0.014059402777192797 110
-0.033755050257532525 119
-0.02965622546116853 92
-0.044743172982595364 71
-0.08994790680855318 119
-0.0339139037409597 116
-0.08695721980825769 71
-0.08086235072202734 65
-0.018149264497729644 119
-0.0749181236538154 77
-0.06871038313801163 158
-0.08292625505950259 227
-0.07838996679704617 161
-0.03513399772333555 83
-0.06659791629138151 137
-0.0716377219511546 110
-0.08040311353617655 149
-0.055826471507545994 263
-0.08640499188916799 260
-0.03294697545706273 197
-0.07064016982695702 161
-0.04470828711502751 149
-0.005449374003113592 206
-0.08158128615989665 26
-0.08186909725551078 56
-0.06483654542316068 29
-0.08326994500732385 143
-0.04660311204814901 263
-0.03573411140124989 206
-0.07137086555426936 74
-0.08532795537166123 128
-0.08763325775775084 56
-0.062015002041883885 80
-0.08732057896887394 83
-0.08283865253323355 188
-0.043027842812144106 65
-0.07464402954721651 122
-0.06946894567995969 92
-0.05749876016069575 152
-0.04074994955359819 128
-0.04780273052243689 92
-0.06363546134370761 62
-0.06821065168286175 65
-0.05762430771353999 38
-0.07075232871457962 107
-0.09193870711165637 50
-0.03616486243824757 65
-0.08774258735283998 116
-0.07862097572851005 167
-0.09015307631510092 152
-0.0382783841734348 65
-0.0651860741093219 83
-0.044433715033657804 71
-0.04111311058408984 167
-0.036551043274291733 89
-0.07306917948034242 221
-0.09140293208233281 164
-0.08228331516876874 122
-0.01284047457461847 128
-0.08445304011552264 71
-0.0671849846275558 101
-0.08430385921910244 77
-0.011289619295641392 86
-0.08131493389972132 167
-0.05487324873769847 263
-0.06042078197192876 170
-0.03996580752541928 176
-0.05320963999277771 101
-0.06077348912503022 167
-0.020165950406667143 137
-0.08601723295364475 104
-0.05565599824479901 95
-0.08912389091960177 80
-0.0682679851270767 104
-0.03060527643340782 68
-0.05433464290841405 209
-0.030974822445513864 263
-0.08461401409245198 167
-0.03440357043159474 65
-0.03947349698828604 203
-0.08033702140296937 116
-0.03696621434387759 185
-0.03340020111909655 92
-0.06389839905510719 101
-0.0603846146527669 227
-0.040167824394016304 167
-0.06224534523901776 35
-0.07253423952679579 287
-0.09238669277424294 38
-0.08809518184446258 275
-0.07894563271639336 131
-0.05105190624069455 101
-0.08659263131613067 188
-0.03019809180240733 83
-0.054181765932066944 83
-0.01012443764233847 269
-0.07851907092697345 221
-0.049272675550048724 188
-0.08532938734983216 110
-0.056898998314785114 158
-0.04312957247722094 77
-0.03876807735712161 119
-0.05395429120192618 80
-0.016570384775557244 176
-0.06911573153290207 158
-0.03331250960217803 92
-0.046952546924207444 116
-0.08278405094359126 92
-0.08125437670043588 149
-0.03109340989535288 95
-0.06724854846760471 92
-0.02273122568001149 113
-0.0690594604136336 65
-0.04112724008216366 122
-0.08537792458903573 131
-0.05050438113670757 155
-0.03281807922045469 95
-0.03147539869264272 176
-0.0019200133774218558 215
-0.08775019274832924 125
