Timestamp: 2016.04.12.11.53.06 Labeled pool size:
1174
1774
2374
2974
3574
4174
4774
5374
5974
6574
7174
7774
8374
8974
9574
10174
10774
11374
11974
12574
13174
13774
14374
14974
15574
16174
16774
17374
17974
18574
19174
19774
20374
20974
21254
21254
*
*
Timestamp: 2016.04.14.07.33.13 Labeled pool size:
1174
1774
2374
2974
3574
4174
4774
5374
5974
6574
7174
7774
8374
8974
9574
10174
10774
11374
11974
12574
13174
13774
14374
14974
15574
16174
16774
17374
17974
18574
19174
19774
20374
20974
21071
21082
*
*
Timestamp: 2016.04.11.11.00.07 Labeled pool size:
1174
1774
2374
2974
3574
4174
4774
5374
5974
6574
7174
7774
8374
8974
9574
10174
10774
11374
11974
12574
13174
13774
14374
14974
15574
16174
16774
17374
17974
18574
19174
19774
20374
20974
21181
21196
*
*
Timestamp: 2016.04.14.13.01.45 Labeled pool size:
1174
1774
2374
2974
3574
4174
4774
5374
5974
6574
7174
7774
8374
8974
9574
10174
10774
11374
11974
12574
13174
13774
14374
14974
15574
16174
16774
17374
17974
18574
19174
19774
20374
20974
21254
21254
*
*
Timestamp: 2016.04.19.11.58.23 Labeled pool size:
1174
1774
2374
2974
3574
4174
4774
5374
5974
6574
7174
7774
8374
8974
9574
10174
10774
11374
11974
12574
13174
13774
14374
14974
15574
16174
16774
17374
17974
18574
19174
19774
20374
20894
20938
*
*
Timestamp: 2016.04.19.14.29.16 Labeled pool size(LCnew):
1174
1774
2374
2974
3574
4174
4774
5374
5974
6574
7174
7774
8374
8974
9574
10174
10774
11374
11974
12574
13174
13774
14374
14974
15574
16174
16774
17374
17974
18574
19174
19774
20374
20974
21178
21193
*
*
Timestamp: 2016.04.19.16.28.42 Labeled pool size(RandomNew):
1174
1774
2374
2974
3574
4174
4774
5374
5974
6574
7174
7774
8374
8974
9574
10174
10774
11374
11974
12574
13174
13774
14374
14974
15574
16174
16774
17374
17974
18574
19174
19774
20374
20974
21254
21254
*
*
Timestamp: 2016.04.19.20.42.10 Labeled pool size(newVote):
1174
1774
2374
2974
3574
4174
4774
5374
5974
6574
7174
7774
8374
8974
9574
10174
10774
11374
11974
12574
13174
13774
14374
14974
15574
16174
16774
17374
17974
18574
19174
19774
20374
20974
21213
21219
*
*
Timestamp: 2016.04.19.14.15.25 Labeled pool size(GibbsNew):
1174
1774
2374
2974
3574
4174
4774
5374
5974
6574
7174
7774
8374
8974
9574
10174
10774
11374
11974
12574
13174
13774
14374
14974
15574
16174
16774
17374
17974
18574
19174
19774
20374
20974
21249
21253
*
*