Timestamp: 2016.04.14.07.33.13 Positive Percentage:
1.0 0.45074701195219125
1.0 0.43382956878850104
0.995 0.41583686440677964
0.9966666666666667 0.3968271334792123
0.8266666666666667 0.3764705882352941
0.7783333333333333 0.36065573770491804
0.7266666666666667 0.3454490291262136
0.6283333333333333 0.33104534005037783
0.5933333333333334 0.3193717277486911
0.5066666666666667 0.3081743869209809
0.49666666666666665 0.2997159090909091
0.46 0.29094955489614244
0.3333333333333333 0.2830745341614907
0.3616666666666667 0.2806188925081433
0.4066666666666667 0.2764554794520548
0.375 0.2694043321299639
0.305 0.2633587786259542
0.34 0.26082995951417004
0.35333333333333333 0.25571120689655175
0.31333333333333335 0.248963133640553
0.345 0.24418316831683168
0.305 0.23609625668449197
0.2683333333333333 0.23008720930232557
0.235 0.22643312101910829
0.23 0.2255281690140845
0.18833333333333332 0.225
0.19333333333333333 0.22991071428571427
0.14833333333333334 0.23556701030927835
0.13 0.25152439024390244
0.12833333333333333 0.27873134328358207
0.12833333333333333 0.32211538461538464
0.15833333333333333 0.4006756756756757
0.46 0.5659090909090909
0.9484536082474226 0.7928571428571428
0.7272727272727273 0.7103825136612022
*
*