Timestamp: 2016.04.17.18.22.32 Positive Percentage:
1.0 0.45074701195219125
1.0 0.43382956878850104
0.9933333333333333 0.41583686440677964
0.995 0.39688183807439825
0.8366666666666667 0.3765837104072398
0.78 0.36042154566744733
0.71 0.34514563106796114
0.6383333333333333 0.331360201511335
0.5816666666666667 0.3193062827225131
0.5183333333333333 0.30858310626702995
0.48 0.29964488636363634
0.43666666666666665 0.2916172106824926
0.345 0.284860248447205
0.38333333333333336 0.28192182410423455
0.3616666666666667 0.27671232876712326
0.4033333333333333 0.2721119133574007
0.31 0.26459923664122137
0.36666666666666664 0.2618421052631579
0.335 0.2550646551724138
0.33166666666666667 0.24953917050691243
0.315 0.24344059405940593
0.305 0.2377005347593583
0.2833333333333333 0.2318313953488372
0.245 0.2269108280254777
0.22666666666666666 0.225
0.19 0.2248031496062992
0.18666666666666668 0.2294642857142857
0.15166666666666667 0.23608247422680412
0.135 0.25152439024390244
*
*