Timestamp: 2016.04.19.11.58.23 Positive Percentage:
0.985 0.45074701195219125
1.0 0.4342915811088296
0.9983333333333333 0.4163135593220339
1.0 0.3972100656455142
1.0 0.37675339366515836
0.9966666666666667 0.35485948477751755
0.9983333333333333 0.33149271844660194
0.9983333333333333 0.3062972292191436
0.9716666666666667 0.2791230366492147
0.9266666666666666 0.2508174386920981
0.79 0.22201704545454545
0.595 0.19673590504451038
0.4266666666666667 0.1781832298136646
0.4116666666666667 0.16604234527687298
0.3383333333333333 0.15342465753424658
0.315 0.1434115523465704
0.24166666666666667 0.13358778625954199
0.24 0.1270242914979757
0.20666666666666667 0.1197198275862069
0.20333333333333334 0.11370967741935484
0.2 0.10705445544554455
0.21166666666666667 0.09959893048128342
0.16666666666666666 0.08982558139534884
0.13 0.08248407643312101
0.1 0.07746478873239436
0.125 0.07480314960629922
0.12333333333333334 0.06808035714285714
0.095 0.0595360824742268
0.08666666666666667 0.05304878048780488
0.056666666666666664 0.04552238805970149
0.045 0.04230769230769231
0.07 0.04121621621621622
0.03076923076923077 0.02159090909090909
0.06818181818181818 0.008333333333333333
*
*