Timestamp: 2016.04.25.12.29.37 Positive Percentage:
0.905 0.45074701195219125
0.86 0.43675564681724843
0.8216666666666667 0.4233050847457627
0.8366666666666667 0.41022975929978117
0.75 0.3957579185520362
0.705 0.38331381733021075
0.6916666666666667 0.37160194174757283
0.6983333333333334 0.3595088161209068
0.68 0.3462041884816754
0.645 0.33256130790190735
0.635 0.3192471590909091
0.5933333333333334 0.3051928783382789
0.5966666666666667 0.29177018633540375
0.5783333333333334 0.2768729641693811
0.5283333333333333 0.26138698630136986
0.4866666666666667 0.24693140794223828
0.445 0.233206106870229
0.44333333333333336 0.22034412955465588
0.39 0.20592672413793103
0.34 0.1932027649769585
0.3333333333333333 0.1823019801980198
0.31333333333333335 0.17018716577540108
0.28833333333333333 0.15770348837209303
0.24833333333333332 0.14522292993630573
0.24333333333333335 0.13433098591549295
0.19 0.12145669291338583
0.17666666666666667 0.11227678571428572
0.12333333333333334 0.10231958762886598
0.12333333333333334 0.09847560975609757
0.155 0.09291044776119403
0.09666666666666666 0.075
0.09166666666666666 0.06621621621621622
0.056666666666666664 0.048863636363636366
0.039473684210526314 0.03214285714285714
0.0 0.0
*
*
Timestamp: 2016.04.25.14.21.13 Positive Percentage:
0.9066666666666666 0.45074701195219125
0.83 0.4367043121149897
0.84 0.4242055084745763
0.835 0.4105579868708972
0.8383333333333334 0.39615384615384613
0.8466666666666667 0.38062060889929744
0.8083333333333333 0.36365291262135924
0.8166666666666667 0.3468513853904282
0.7916666666666666 0.32840314136125653
0.7916666666666666 0.30946866485013624
0.7516666666666667 0.28892045454545456
0.725 0.2683234421364985
0.6816666666666666 0.24704968944099379
0.6533333333333333 0.225814332247557
0.605 0.2038527397260274
0.555 0.18212996389891697
0.465 0.16078244274809161
0.4083333333333333 0.1423076923076923
0.30333333333333334 0.12510775862068965
0.25 0.11278801843317972
0.205 0.10259900990099009
0.19 0.09438502673796792
0.16166666666666665 0.08604651162790698
0.15333333333333332 0.07882165605095541
0.10166666666666667 0.07095070422535212
0.135 0.0673228346456693
0.09666666666666666 0.05825892857142857
0.09333333333333334 0.05231958762886598
0.075 0.044817073170731705
0.051666666666666666 0.03805970149253731
0.03666666666666667 0.03413461538461538
0.05 0.03310810810810811
0.03 0.02159090909090909
0.004347826086956522 0.0035714285714285713
0.0 0.0
*
*
Timestamp: 2016.04.25.16.18.46 Positive Percentage:
0.9283333333333333 0.45074701195219125
0.8683333333333333 0.4360369609856263
0.8983333333333333 0.42229872881355934
0.8983333333333333 0.40667396061269145
0.9166666666666666 0.38998868778280543
0.88 0.3714871194379391
0.885 0.35297330097087376
0.8933333333333333 0.3328715365239295
0.8483333333333334 0.31086387434554974
0.84 0.2888964577656676
0.805 0.26541193181818185
0.74 0.2413946587537092
0.7 0.21816770186335405
0.6216666666666667 0.19462540716612378
0.5616666666666666 0.17268835616438355
0.4633333333333333 0.15162454873646208
0.3283333333333333 0.13377862595419848
0.2816666666666667 0.12196356275303644
0.22 0.11163793103448276
0.19 0.10414746543778802
0.215 0.09777227722772278
0.16 0.08836898395721925
0.15666666666666668 0.08212209302325581
0.12333333333333334 0.075
0.125 0.0698943661971831
0.11 0.06338582677165354
0.08333333333333333 0.05714285714285714
0.095 0.05309278350515464
0.065 0.04542682926829268
0.055 0.041044776119402986
0.041666666666666664 0.03701923076923077
0.05333333333333334 0.03513513513513514
0.03166666666666667 0.022727272727272728
0.004347826086956522 0.0035714285714285713
0.0 0.0
*
*
Timestamp: 2016.04.25.18.20.20 Positive Percentage:
0.97 0.45074701195219125
0.925 0.4347535934291581
0.935 0.4191737288135593
0.95 0.40224288840262584
0.9483333333333334 0.3836538461538462
0.9433333333333334 0.36381733021077284
0.9266666666666666 0.34271844660194173
0.9266666666666666 0.3206549118387909
0.905 0.29685863874345547
0.8666666666666667 0.2720027247956403
0.8366666666666667 0.24666193181818183
0.7716666666666666 0.2204005934718101
0.64 0.19472049689440993
0.5666666666666667 0.17296416938110748
0.44 0.15273972602739727
0.33666666666666667 0.1371841155234657
0.275 0.12576335877862596
0.25 0.11670040485829959
0.235 0.10808189655172414
0.19666666666666666 0.09930875576036867
0.16333333333333333 0.09207920792079208
0.15666666666666668 0.08636363636363636
0.14166666666666666 0.08023255813953488
0.12833333333333333 0.07436305732484076
0.11333333333333333 0.06866197183098592
0.09833333333333333 0.06338582677165354
0.08 0.05870535714285714
0.10333333333333333 0.055412371134020616
0.075 0.046646341463414634
0.05 0.04029850746268657
0.03333333333333333 0.0375
0.065 0.03918918918918919
0.03 0.02159090909090909
0.004310344827586207 0.0035714285714285713
0.0 0.0
*
*
Timestamp: 2016.04.25.20.18.57 Positive Percentage:
0.9883333333333333 0.45074701195219125
0.99 0.4341889117043121
0.9833333333333333 0.41652542372881357
0.97 0.3979212253829322
0.9633333333333334 0.37850678733031673
0.9633333333333334 0.3579625292740047
0.9583333333333334 0.3359223300970874
0.9516666666666667 0.31240554156171285
0.93 0.287303664921466
0.9033333333333333 0.2610354223433243
0.8533333333333334 0.23366477272727273
0.7333333333333333 0.20608308605341247
0.5983333333333334 0.1815217391304348
0.47 0.16115635179153096
0.355 0.14529109589041095
0.2916666666666667 0.1339350180505415
0.2916666666666667 0.12490458015267175
0.23 0.11477732793522268
0.19333333333333333 0.10732758620689656
0.19666666666666666 0.10138248847926268
0.17833333333333334 0.09430693069306931
0.155 0.0875668449197861
0.155 0.0816860465116279
0.11833333333333333 0.07468152866242038
0.10666666666666667 0.07007042253521127
0.10166666666666667 0.065748031496063
0.10166666666666667 0.0609375
0.08666666666666667 0.05463917525773196
0.075 0.04878048780487805
0.05 0.04291044776119403
0.043333333333333335 0.040865384615384616
0.06666666666666667 0.03986486486486487
0.03 0.02159090909090909
0.004310344827586207 0.0035714285714285713
0.0 0.0
*
*
Timestamp: 2016.04.25.22.29.44 Positive Percentage:
0.9866666666666667 0.45074701195219125
0.9983333333333333 0.43424024640657083
0.9966666666666667 0.4163135593220339
0.9983333333333333 0.3972647702407002
0.9966666666666667 0.37686651583710407
0.9933333333333333 0.35509367681498827
0.99 0.33185679611650487
0.9716666666666667 0.30698992443324935
0.95 0.28089005235602094
0.9116666666666666 0.25354223433242506
0.835 0.2254971590909091
0.6933333333333334 0.1983679525222552
0.555 0.17531055900621118
0.3883333333333333 0.1567589576547231
0.325 0.14486301369863014
0.31 0.13510830324909748
0.27166666666666667 0.12509541984732825
0.225 0.11619433198380567
0.19333333333333333 0.1091594827586207
0.20666666666666667 0.1033410138248848
0.15833333333333333 0.09566831683168317
0.18166666666666667 0.09064171122994652
0.15 0.08270348837209303
0.115 0.07627388535031847
0.11833333333333333 0.0721830985915493
0.09 0.06673228346456693
0.10833333333333334 0.06361607142857142
0.09 0.05670103092783505
0.08 0.05060975609756098
0.055 0.04402985074626865
0.04 0.040865384615384616
0.065 0.04121621621621622
0.035 0.025
0.004291845493562232 0.0035714285714285713
0.0 0.0
*
*
Timestamp: 2016.04.26.00.38.14 Positive Percentage:
0.985 0.45074701195219125
1.0 0.4342915811088296
0.9983333333333333 0.4163135593220339
1.0 0.3972100656455142
1.0 0.37675339366515836
0.9966666666666667 0.35485948477751755
0.9983333333333333 0.33149271844660194
0.9983333333333333 0.3062972292191436
0.9733333333333334 0.2791230366492147
0.9216666666666666 0.2507493188010899
0.8033333333333333 0.22215909090909092
0.5916666666666667 0.19629080118694361
0.45166666666666666 0.17787267080745342
0.38666666666666666 0.16449511400651465
0.35333333333333333 0.1530821917808219
0.2966666666666667 0.14223826714801444
0.25 0.1333969465648855
0.23666666666666666 0.12631578947368421
0.215 0.11918103448275862
0.18833333333333332 0.11255760368663595
0.20833333333333334 0.10693069306930693
0.19666666666666666 0.09879679144385027
0.165 0.09026162790697674
0.12666666666666668 0.08312101910828025
0.11 0.07852112676056339
0.12 0.07480314960629922
0.12333333333333334 0.06875
0.09333333333333334 0.060309278350515465
0.08833333333333333 0.05426829268292683
0.058333333333333334 0.04664179104477612
0.041666666666666664 0.04326923076923077
0.07 0.04391891891891892
0.03666666666666667 0.026136363636363635
0.004273504273504274 0.0035714285714285713
0.0 0.0
