Timestamp: 2016.04.22.15.28.06 Positive Percentage(voteWithInfodens):
0.8316666666666667 0.45074701195219125
0.8416666666666667 0.43901437371663243
0.8333333333333334 0.42621822033898304
0.8 0.41285557986870897
0.78 0.39971719457013577
0.7533333333333333 0.3863583138173302
0.7116666666666667 0.372997572815534
0.7 0.3602015113350126
0.6933333333333334 0.3468586387434555
0.7266666666666667 0.33269754768392373
0.6533333333333333 0.3159090909090909
0.6333333333333333 0.30089020771513353
0.6383333333333333 0.2854037267080745
0.5883333333333334 0.26815960912052117
0.5566666666666666 0.2517123287671233
0.515 0.2351985559566787
0.5066666666666667 0.2191793893129771
0.4583333333333333 0.20172064777327936
0.38 0.18512931034482757
0.38 0.1716589861751152
0.27666666666666667 0.1561881188118812
0.275 0.146524064171123
0.21166666666666667 0.13531976744186047
0.205 0.12802547770700637
0.195 0.1198943661971831
0.155 0.1110236220472441
0.13166666666666665 0.10513392857142857
0.10666666666666667 0.10103092783505155
0.12666666666666668 0.1
0.09666666666666666 0.09402985074626866
0.11166666666666666 0.09326923076923077
0.06333333333333334 0.08581081081081081
0.08 0.10113636363636364
0.1576923076923077 0.14642857142857144
0.0 0.0
*
*
Timestamp: 2016.04.23.03.07.19 Positive Percentage(gibbsWithInfodens):
0.885 0.45074701195219125
0.8566666666666667 0.43737166324435317
0.8833333333333333 0.4240466101694915
0.91 0.4089715536105033
0.89 0.3919683257918552
0.89 0.37447306791569085
0.8916666666666667 0.35570388349514565
0.8633333333333333 0.33545340050377837
0.8483333333333334 0.31472513089005233
0.8416666666666667 0.29291553133514986
0.7966666666666666 0.26953125
0.7283333333333334 0.24606824925816023
0.67 0.2236024844720497
0.62 0.2017915309446254
0.5266666666666666 0.18030821917808218
0.415 0.1615523465703971
0.3466666666666667 0.14704198473282443
0.2633333333333333 0.13491902834008096
0.22666666666666666 0.12661637931034483
0.255 0.1197004608294931
0.215 0.10965346534653465
0.19833333333333333 0.10120320855614973
0.13833333333333334 0.09273255813953489
0.16 0.08837579617834394
0.15666666666666668 0.08080985915492958
0.11666666666666667 0.0718503937007874
0.09833333333333333 0.06584821428571429
0.105 0.060824742268041236
0.07 0.05274390243902439
0.075 0.04888059701492537
0.043333333333333335 0.041346153846153845
0.065 0.04054054054054054
0.03166666666666667 0.023863636363636365
0.007168458781362007 0.007142857142857143
0.0 0.0
*
*