Timestamp: 2016.04.22.13.21.28 Labeled pool size:
1174
1774
2374
2974
3574
4174
4774
5374
5974
6574
7174
7774
8374
8974
9574
10174
10774
11374
11974
12574
13174
13774
14374
14974
15574
16174
16774
17374
17974
18574
19174
19774
20374
20894
20938
*
*
Timestamp: 2016.04.22.15.28.06 Labeled pool size:
1174
1774
2374
2974
3574
4174
4774
5374
5974
6574
7174
7774
8374
8974
9574
10174
10774
11374
11974
12574
13174
13774
14374
14974
15574
16174
16774
17374
17974
18574
19174
19774
20374
20974
21234
21240
*
*
Timestamp: 2016.04.23.03.07.19 Labeled pool size:
1174
1774
2374
2974
3574
4174
4774
5374
5974
6574
7174
7774
8374
8974
9574
10174
10774
11374
11974
12574
13174
13774
14374
14974
15574
16174
16774
17374
17974
18574
19174
19774
20374
20974
21253
21254
*
*
Timestamp: 2016.04.23.09.07.42 Labeled pool size:
1174
1774
2374
2974
3574
4174
4774
5374
5974
6574
7174
7774
8374
8974
9574
10174
10774
11374
11974
12574
13174
13774
14374
14974
15574
16174
16774
17374
17974
18574
19174
19774
20374
20894
20938
*
*
Timestamp: 2016.04.23.11.19.15 Labeled pool size:
1174
1774
2374
2974
3574
4174
4774
5374
5974
6574
7174
7774
8374
8974
9574
10174
10774
11374
11974
12574
13174
13774
14374
14974
15574
16174
16774
17374
17974
18574
19174
19774
20374
20894
20938
*
*
Timestamp: 2016.04.23.13.33.52 Labeled pool size:
1174
1774
2374
2974
3574
4174
4774
5374
5974
6574
7174
7774
8374
8974
9574
10174
10774
11374
11974
12574
13174
13774
14374
14974
15574
16174
16774
17374
17974
18574
19174
19774
20374
20894
20938
*
*
Timestamp: 2016.04.23.15.47.40 Labeled pool size:
1174
1774
2374
2974
3574
4174
4774
5374
5974
6574
7174
7774
8374
8974
9574
10174
10774
11374
11974
12574
13174
13774
14374
14974
15574
16174
16774
17374
17974
18574
19174
19774
20374
20894
20938
*
*
Timestamp: 2016.04.23.17.58.02 Labeled pool size:
1174
1774
2374
2974
3574
4174
4774
5374
5974
6574
7174
7774
8374
8974
9574
10174
10774
11374
11974
12574
13174
13774
14374
14974
15574
16174
16774
17374
17974
18574
19174
19774
20374
20894
20938
*
*