Timestamp: 2016.04.25.12.29.37 Labeled pool size:
1174
1774
2374
2974
3574
4174
4774
5374
5974
6574
7174
7774
8374
8974
9574
10174
10774
11374
11974
12574
13174
13774
14374
14974
15574
16174
16774
17374
17974
18574
19174
19774
20374
20974
21202
21206
*
*
Timestamp: 2016.04.25.14.21.13 Labeled pool size:
1174
1774
2374
2974
3574
4174
4774
5374
5974
6574
7174
7774
8374
8974
9574
10174
10774
11374
11974
12574
13174
13774
14374
14974
15574
16174
16774
17374
17974
18574
19174
19774
20374
20974
21204
21210
*
*
Timestamp: 2016.04.25.16.18.46 Labeled pool size:
1174
1774
2374
2974
3574
4174
4774
5374
5974
6574
7174
7774
8374
8974
9574
10174
10774
11374
11974
12574
13174
13774
14374
14974
15574
16174
16774
17374
17974
18574
19174
19774
20374
20974
21204
21210
*
*
Timestamp: 2016.04.25.18.20.20 Labeled pool size:
1174
1774
2374
2974
3574
4174
4774
5374
5974
6574
7174
7774
8374
8974
9574
10174
10774
11374
11974
12574
13174
13774
14374
14974
15574
16174
16774
17374
17974
18574
19174
19774
20374
20974
21206
21212
*
*
Timestamp: 2016.04.25.20.18.57 Labeled pool size:
1174
1774
2374
2974
3574
4174
4774
5374
5974
6574
7174
7774
8374
8974
9574
10174
10774
11374
11974
12574
13174
13774
14374
14974
15574
16174
16774
17374
17974
18574
19174
19774
20374
20974
21206
21212
*
*
Timestamp: 2016.04.25.22.29.44 Labeled pool size:
1174
1774
2374
2974
3574
4174
4774
5374
5974
6574
7174
7774
8374
8974
9574
10174
10774
11374
11974
12574
13174
13774
14374
14974
15574
16174
16774
17374
17974
18574
19174
19774
20374
20974
21207
21213
*
*
Timestamp: 2016.04.26.00.38.14 Labeled pool size:
1174
1774
2374
2974
3574
4174
4774
5374
5974
6574
7174
7774
8374
8974
9574
10174
10774
11374
11974
12574
13174
13774
14374
14974
15574
16174
16774
17374
17974
18574
19174
19774
20374
20974
21208
21214
*
*