Timestamp: 2016.04.15.13.36.06 Positive Percentage:
0.8883333333333333 0.45074701195219125
0.78 0.43726899383983575
0.7816666666666666 0.4263771186440678
0.7133333333333334 0.4147155361050328
0.7316666666666667 0.4045814479638009
0.7066666666666667 0.39309133489461356
0.65 0.3816747572815534
0.6283333333333333 0.371536523929471
0.6116666666666667 0.36145287958115185
0.6266666666666667 0.35122615803814716
0.55 0.33948863636363635
0.5916666666666667 0.3301186943620178
0.4683333333333333 0.3179347826086957
0.5 0.31058631921824104
0.5016666666666667 0.30085616438356166
0.4766666666666667 0.28998194945848377
0.485 0.279293893129771
0.4766666666666667 0.26680161943319836
0.4166666666666667 0.25323275862068967
0.415 0.24193548387096775
0.405 0.2290841584158416
0.33666666666666667 0.21497326203208555
0.33666666666666667 0.20436046511627906
0.2966666666666667 0.19171974522292995
0.325 0.18063380281690142
0.25166666666666665 0.16358267716535432
0.2 0.15178571428571427
0.16333333333333333 0.14432989690721648
0.17833333333333334 0.14085365853658535
0.16333333333333333 0.13246268656716417
0.12833333333333333 0.12355769230769231
0.105 0.12162162162162163
0.09333333333333334 0.13295454545454546
0.275 0.21785714285714286
0.35714285714285715 0.075
*
*
Timestamp: 2016.04.19.14.29.16 Positive Percentage(New run):
0.8816666666666667 0.45074701195219125
0.78 0.43747433264887065
0.7666666666666667 0.42658898305084747
0.7316666666666667 0.4154266958424508
0.7283333333333334 0.4046945701357466
0.6916666666666667 0.39332552693208434
0.6766666666666666 0.3824635922330097
0.625 0.3713476070528967
0.605 0.3613874345549738
0.6116666666666667 0.3514305177111717
0.565 0.3403409090909091
0.5766666666666667 0.3303412462908012
0.4866666666666667 0.3188664596273292
0.49333333333333335 0.31066775244299677
0.4766666666666667 0.3012842465753425
0.4766666666666667 0.2917870036101083
0.475 0.2812022900763359
0.4533333333333333 0.2694331983805668
0.455 0.25754310344827586
0.4066666666666667 0.24389400921658985
0.39 0.23180693069306932
0.365 0.21911764705882353
0.35333333333333333 0.2063953488372093
0.3 0.19235668789808918
0.31166666666666665 0.18098591549295776
0.23833333333333334 0.1655511811023622
0.22333333333333333 0.15580357142857143
0.16166666666666665 0.14536082474226805
0.17 0.1423780487804878
0.17833333333333334 0.13619402985074627
0.12166666666666667 0.12403846153846154
0.10666666666666667 0.125
0.1 0.1375
0.2647058823529412 0.21785714285714286
0.3333333333333333 0.09210526315789473
*
*