Timestamp: 2016.04.28.08.44.48 Positive Percentage:
0.985 0.45074701195219125
1.0 0.4342915811088296
0.9983333333333333 0.4163135593220339
1.0 0.3972100656455142
0.9966666666666667 0.37675339366515836
1.0 0.35497658079625294
0.9983333333333333 0.33149271844660194
0.9983333333333333 0.3062972292191436
0.9983333333333333 0.2791230366492147
0.9183333333333333 0.2497275204359673
0.6666666666666666 0.22123579545454544
0.6366666666666667 0.20140949554896143
0.6133333333333333 0.18113354037267082
0.6116666666666667 0.16001628664495113
0.5966666666666667 0.13681506849315067
0.6116666666666667 0.11191335740072202
0.51 0.08330152671755725
0.155 0.05738866396761134
0.058333333333333334 0.05107758620689655
0.043333333333333335 0.05057603686635945
0.025 0.05111386138613861
0.035 0.05320855614973262
0.035 0.054796511627906976
0.05 0.056687898089171976
0.06333333333333334 0.0573943661971831
0.07 0.05669291338582677
0.035 0.054910714285714285
0.055 0.05798969072164949
0.07833333333333334 0.05853658536585366
0.09833333333333333 0.054104477611940295
0.006666666666666667 0.041346153846153845
0.006666666666666667 0.05540540540540541
0.03166666666666667 0.08863636363636364
0.21223021582733814 0.21071428571428572
0.0 0.0
*
*
Timestamp: 2016.04.28.15.02.10 Positive Percentage:
0.985 0.45074701195219125
1.0 0.4342915811088296
1.0 0.4163135593220339
0.9983333333333333 0.3971553610503282
0.9983333333333333 0.37675339366515836
0.9983333333333333 0.3549180327868853
0.9983333333333333 0.33149271844660194
0.9966666666666667 0.3062972292191436
0.9983333333333333 0.2791884816753927
0.9116666666666666 0.2497956403269755
0.6883333333333334 0.2215909090909091
0.6416666666666667 0.2008160237388724
0.61 0.18027950310559007
0.6166666666666667 0.15928338762214983
0.5933333333333334 0.13578767123287672
0.6333333333333333 0.11101083032490974
0.515 0.08110687022900763
0.15333333333333332 0.054757085020242915
0.04 0.048383620689655175
0.018333333333333333 0.048963133640553
0.02666666666666667 0.051237623762376235
0.015 0.05320855614973262
0.023333333333333334 0.056540697674418605
0.03 0.059713375796178345
0.08333333333333333 0.06285211267605634
0.075 0.06043307086614173
0.04833333333333333 0.05848214285714286
0.035 0.06005154639175258
0.09666666666666666 0.06463414634146342
0.11166666666666666 0.057462686567164176
0.006666666666666667 0.041826923076923074
0.008333333333333333 0.056081081081081084
0.03333333333333333 0.08863636363636364
0.20863309352517986 0.20714285714285716
0.0 0.0
*
*