*
*
Timestamp: 2016.04.26.13.58.53 Positive Percentage:
0.9033333333333333 0.0
0.8266666666666667 0.0
0.755 0.0
0.745 0.0
0.6383333333333333 0.0
0.59 0.0
0.535 0.0
0.5033333333333333 0.0
0.44666666666666666 0.0
0.43 0.0
0.3933333333333333 0.0
0.37166666666666665 0.0
0.36833333333333335 0.0
0.29833333333333334 0.0
0.335 0.0
0.31666666666666665 0.0
0.32 0.0
0.33666666666666667 0.0
0.3 0.0
0.355 0.0
0.2733333333333333 0.0
0.31 0.0
0.30833333333333335 0.0
0.355 0.0
0.38166666666666665 0.0
0.35833333333333334 0.0
0.335 0.0
0.355 0.0
0.3416666666666667 0.0
0.36333333333333334 0.0
0.37 0.0
0.47333333333333333 0.0
0.6583333333333333 0.0
0.886986301369863 0.0
*
*
Timestamp: 2016.04.27.01.42.31 Positive Percentage:
0.7233333333333334 0.0
0.5983333333333334 0.0
0.6133333333333333 0.0
0.535 0.0
0.535 0.0
0.54 0.0
0.415 0.0
0.43666666666666665 0.0
0.465 0.0
0.4166666666666667 0.0
0.4483333333333333 0.0
0.39 0.0
0.4083333333333333 0.0
0.41333333333333333 0.0
0.375 0.0
0.36 0.0
0.33 0.0
0.32166666666666666 0.0
0.40166666666666667 0.0
0.4666666666666667 0.0
0.335 0.0
0.425 0.0
0.4533333333333333 0.0
0.44333333333333336 0.0
0.43666666666666665 0.0
0.4083333333333333 0.0
0.38666666666666666 0.0
0.38166666666666665 0.0
0.42 0.0
0.46 0.0
0.49333333333333335 0.0
0.44333333333333336 0.0
0.5016666666666667 0.0
0.6902654867256637 0.0
0.4166666666666667 0.0
*
*
Timestamp: 2016.04.27.10.13.52 Positive Percentage:
0.995 0.0
0.9983333333333333 0.0
1.0 0.0
1.0 0.0
0.9966666666666667 0.0
0.9983333333333333 0.0
0.98 0.0
0.9066666666666666 0.0
0.6516666666666666 0.0
0.41333333333333333 0.0
0.3433333333333333 0.0
0.26166666666666666 0.0
0.24666666666666667 0.0
0.215 0.0
0.20333333333333334 0.0
0.12333333333333334 0.0
0.12166666666666667 0.0
0.08 0.0
0.043333333333333335 0.0
0.05 0.0
0.065 0.0
0.06 0.0
0.09166666666666666 0.0
0.13166666666666665 0.0
0.11 0.0
0.17666666666666667 0.0
0.185 0.0
0.195 0.0
0.3016666666666667 0.0
0.4166666666666667 0.0
0.7383333333333333 0.0
0.97 0.0
0.985 0.0
0.6739130434782609 0.0
*
*
Timestamp: 2016.04.27.12.17.56 Positive Percentage:
0.88 0.0
0.8416666666666667 0.0
0.8333333333333334 0.0
0.845 0.0
0.8583333333333333 0.0
0.8066666666666666 0.0
0.8133333333333334 0.0
0.77 0.0
0.7333333333333333 0.0
0.6616666666666666 0.0
0.625 0.0
0.4633333333333333 0.0
0.38166666666666665 0.0
0.20666666666666667 0.0
0.19333333333333333 0.0
0.135 0.0
0.125 0.0
0.085 0.0
0.051666666666666666 0.0
0.05333333333333334 0.0
0.01 0.0
0.04666666666666667 0.0
0.06 0.0
0.10166666666666667 0.0
0.11 0.0
0.13666666666666666 0.0
0.21333333333333335 0.0
0.29333333333333333 0.0
0.435 0.0
0.6183333333333333 0.0
0.7166666666666667 0.0
0.8016666666666666 0.0
0.8233333333333334 0.0
0.8631178707224335 0.0
0.25 0.0
*
*