Timestamp: 2016.04.22.09.06.04 Positive Percentage:
0.8771929824561403 0.45074701195219125
0.8888888888888888 0.4483121306220575
0.8345864661654135 0.4455141129032258
0.8478260869565217 0.4428883137971279
0.8251748251748252 0.4400327047881854
0.86 0.43719757026665296
0.8407643312101911 0.4339074496783565
0.8253012048192772 0.43056645222030443
0.8465909090909091 0.4271091647760249
0.8563829787234043 0.42317729136709803
0.8341708542713567 0.4187960621873151
0.8215962441314554 0.41430125067971724
0.8078602620087336 0.40952852505914067
0.8185483870967742 0.4044461778471139
0.7728937728937729 0.39864406779661016
0.7755775577557755 0.39278131634819535
0.788235294117647 0.3860079420696099
0.7932816537467701 0.3778598665395615
0.7427293064876958 0.3680551320363481
0.7395437262357415 0.3575548589341693
0.6953125 0.3445280082987552
0.6642066420664207 0.3293425324675325
0.669750231267345 0.309856130556152
0.5993710691823899 0.2796741660201707
0.48588915334920096 0.23469026548672567
0.1491281551030362 0.14630936714918052
0.0 0.0
0.0 0.0
*
*
Timestamp: 2016.04.22.10.18.20 Positive Percentage:
0.9574468085106383 0.45074701195219125
0.7840909090909091 0.4423067186471571
0.7864644107351225 0.43291889923529103
0.7267796610169491 0.41642164869868237
0.6395097332372026 0.3893197560831212
0.34442607633148853 0.340157257207622
0.0821917808219178 0.049019607843137254
0.14285714285714285 0.030534351145038167
*
*
Timestamp: 2016.04.22.10.50.03 Positive Percentage:
0.890652557319224 0.45074701195219125
0.7815699658703071 0.43796443396709883
0.7014760147601476 0.41600785126219947
0.37073992484125956 0.3665152581408739
0.05555555555555555 0.03553299492385787
0.11764705882352941 0.024
*
*
Timestamp: 2016.04.22.11.16.58 Positive Percentage:
0.8485549132947977 0.45074701195219125
0.75 0.4328389279208951
0.39200818438948065 0.387656816695404
0.039473684210526314 0.0297029702970297
0.15 0.023809523809523808
*
*
Timestamp: 2016.04.22.11.43.37 Positive Percentage:
0.833868378812199 0.45074701195219125
0.6772616136919315 0.4254008707656366
0.3407418203016833 0.336636507252621
0.07352941176470588 0.059113300492610835
0.2 0.05185185185185185
*
*
Timestamp: 2016.04.22.12.07.07 Positive Percentage:
0.8199767711962834 0.45074701195219125
0.42045830120083727 0.41611286632530775
0.05263157894736842 0.029411764705882353
0.1 0.015625
