*
*
*
*
Timestamp: 2016.04.22.09.06.04 Batches Running now:
[0.21981736208048075, 0.4715349720084058, 0.33239966034714197, 0.5667713710049579, 0.660511698672298, 0.4237493823386005, 0.06554483668044953, 0.7414568947535527, 0.7527469026230209, 0.058313817246454125, 0.17162132146884446, 0.14191970172333723, 0.43544171247859065, 0.08661402154815256, 0.5722141137487152, 0.11419542294389862, 0.21392213924373094, 0.8113307633549272, 0.1002987406612309, 0.5991324218272202, 0.7020507367134972, 0.7919678852301397, 0.05116415423314502, 0.6051431849421888, 0.43891042556205007, 0.23664678646977255, 0.6156368370103519, 0.690870139662373, 0.839384558498358, 0.7761372867244064, 0.23861522826214843, 0.864431548138126, 0.8881554750014257, 0.8680092810948458, 0.336075106837067, 0.9157863461524588, 0.9689892676603016, 0.1310692470449374, 0.7287546750949999, 0.9514357110852255, 0.19546726953108517, 0.47061973847925, 0.30132376863158317, 0.6533074081472031, 0.8797874249832539, 0.9794475778713121, 0.284754216991431, 0.4336799913947418, 0.2917374624013923, 0.9479669256833952, 0.6125683231938875, 0.6496347078263083, 0.7604870226466321, 0.7436303017161355]
[0.7917368206967771, 0.07947498182650448, 0.40938275324356366, 0.9427746731817002, 0.40510915592137076, 0.8705450280418299, 0.2278820449870934, 0.7088915857484833, 0.7438813598236051, 0.6827762301636767, 0.3313252437278953, 0.24508210391208352, 0.34949484319993984, 0.14210690397311843]
*
*
*
*
Timestamp: 2016.04.22.10.18.20 Batches Running now:
[0.3016300270521508, 0.14191970172333723, 0.43891042556205007, 0.7919678852301397, 0.11419542294389862, 0.33239966034714197, 0.7527469026230209, 0.9015249569804082, 0.5991324218272202, 0.4237493823386005, 0.7020507367134972, 0.058313817246454125, 0.9479669256833952, 0.660511698672298, 0.06554483668044953, 0.23664678646977255, 0.7761372867244064, 0.2917374624013923, 0.6051431849421888, 0.4082774935173994, 0.39409710074294035, 0.05116415423314502, 0.5722141137487152, 0.30696087113726866, 0.40034777372664965, 0.14210690397311843, 0.6567631524783434, 0.40025199654437715, 0.1002987406612309, 0.39636288444857226, 0.39192087530371666, 0.6156368370103519, 0.690870139662373, 0.41900034960934773, 0.43544171247859065, 0.7438813598236051, 0.21981736208048075, 0.6280870889166035, 0.08661402154815256, 0.7057816216269254, 0.8881554750014257, 0.9200440857790808, 0.3313252437278953, 0.9157863461524588, 0.864431548138126, 0.4336799913947418, 0.8318390949804007, 0.17162132146884446, 0.7287546750949999, 0.47061973847925, 0.19546726953108517, 0.9514357110852255, 0.284754216991431, 0.9794475778713121, 0.5667713710049579, 0.3461748354536749, 0.8797874249832539, 0.2836096256738717, 0.39742379076331125, 0.10230694197389945, 0.6125683231938875, 0.6496347078263083, 0.4444648432008005, 0.8444715917641767, 0.40154561503130115, 0.30690298998810017, 0.22172613170862454, 0.064235388183284, 0.48532319119978407, 0.5674177073472753, 0.08431776774788591, 0.667375004490171, 0.9263564270951724]
[0.07947498182650448, 0.2278820449870934, 0.9427746731817002, 0.7088915857484833, 0.40510915592137076, 0.40938275324356366, 0.4715349720084058, 0.17098499121442445, 0.8705450280418299, 0.6827762301636767, 0.11004852894098671, 0.34949484319993984, 0.42429702384883583, 0.20945329856597117, 0.9602710985304697, 0.4059262910741336, 0.5870856450964853, 0.5256876654313888, 0.2840031705782301, 0.43021437497505033, 0.09635441807149703]
*
*
*
*
Timestamp: 2016.04.22.10.50.03 Batches Running now:
[0.1310692470449374, 0.9689892676603016, 0.14191970172333723, 0.43891042556205007, 0.7919678852301397, 0.11419542294389862, 0.33239966034714197, 0.7527469026230209, 0.5991324218272202, 0.4237493823386005, 0.7020507367134972, 0.058313817246454125, 0.660511698672298, 0.06554483668044953, 0.9479669256833952, 0.23664678646977255, 0.7761372867244064, 0.6051431849421888, 0.2917374624013923, 0.4082774935173994, 0.39409710074294035, 0.05116415423314502, 0.5722141137487152, 0.30696087113726866, 0.6567631524783434, 0.40034777372664965, 0.1002987406612309, 0.40025199654437715, 0.39636288444857226, 0.39192087530371666, 0.41900034960934773, 0.6156368370103519, 0.690870139662373, 0.43544171247859065, 0.7438813598236051, 0.21981736208048075, 0.6280870889166035, 0.6496347078263083, 0.08661402154815256, 0.7057816216269254, 0.8881554750014257, 0.9336836606970246, 0.9200440857790808, 0.3313252437278953, 0.864431548138126, 0.9157863461524588, 0.4336799913947418, 0.8318390949804007, 0.17162132146884446, 0.47061973847925, 0.19546726953108517, 0.7287546750949999, 0.9514357110852255, 0.284754216991431, 0.9794475778713121, 0.5667713710049579, 0.8797874249832539, 0.3461748354536749, 0.2836096256738717, 0.39742379076331125, 0.9374673712865258, 0.6125683231938875, 0.6068119400659369, 0.6049459653518608, 0.47784661599731626, 0.2840031705782301, 0.30690298998810017, 0.910800124837011, 0.6595432203704596, 0.950116274497687, 0.08893397440893291, 0.22172613170862454]
[0.07947498182650448, 0.2278820449870934, 0.9427746731817002, 0.7088915857484833, 0.40510915592137076, 0.40938275324356366, 0.4715349720084058, 0.17098499121442445, 0.8705450280418299, 0.6827762301636767, 0.11004852894098671, 0.34949484319993984, 0.5870856450964853, 0.09635441807149703, 0.6303996116817344, 0.667375004490171, 0.9798445347486856]
*
*
*
*
Timestamp: 2016.04.22.11.16.58 Batches Running now:
[0.7380758171634174, 0.44335059878914085, 0.1310692470449374, 0.9689892676603016, 0.14191970172333723, 0.43891042556205007, 0.7919678852301397, 0.11419542294389862, 0.33239966034714197, 0.7527469026230209, 0.5991324218272202, 0.4237493823386005, 0.9479669256833952, 0.7020507367134972, 0.058313817246454125, 0.660511698672298, 0.06554483668044953, 0.23664678646977255, 0.7761372867244064, 0.6051431849421888, 0.2917374624013923, 0.39409710074294035, 0.4082774935173994, 0.05116415423314502, 0.5722141137487152, 0.6567631524783434, 0.30696087113726866, 0.40034777372664965, 0.14210690397311843, 0.1002987406612309, 0.40025199654437715, 0.39636288444857226, 0.39192087530371666, 0.6156368370103519, 0.690870139662373, 0.41900034960934773, 0.43544171247859065, 0.7438813598236051, 0.21981736208048075, 0.6280870889166035, 0.08661402154815256, 0.7057816216269254, 0.8881554750014257, 0.864431548138126, 0.9200440857790808, 0.3313252437278953, 0.9157863461524588, 0.4336799913947418, 0.8318390949804007, 0.17162132146884446, 0.47061973847925, 0.19546726953108517, 0.7287546750949999, 0.284754216991431, 0.9514357110852255, 0.9794475778713121, 0.5667713710049579, 0.3461748354536749, 0.8797874249832539, 0.2836096256738717, 0.39742379076331125, 0.20433475222346786, 0.6125683231938875, 0.6496347078263083, 0.8265378820044857, 0.22172613170862454, 0.2534780748009766, 0.09635441807149703, 0.48532319119978407, 0.49979693944415127, 0.9755225762950395, 0.6595432203704596, 0.9771767990628093, 0.5870856450964853, 0.25501356565740396, 0.910800124837011]
[0.07947498182650448, 0.2278820449870934, 0.9427746731817002, 0.7088915857484833, 0.40510915592137076, 0.40938275324356366, 0.4715349720084058, 0.17098499121442445, 0.8705450280418299, 0.6827762301636767, 0.11004852894098671, 0.34949484319993984, 0.5256876654313888, 0.42429702384883583, 0.6092337252759857, 0.08893397440893291, 0.6068119400659369, 0.33644445239883836, 0.9263564270951724, 0.6049459653518608]
*
*
*
*
Timestamp: 2016.04.22.11.43.37 Batches Running now:
[0.14191970172333723, 0.43891042556205007, 0.7919678852301397, 0.11419542294389862, 0.08189558270325203, 0.33239966034714197, 0.7527469026230209, 0.5991324218272202, 0.4237493823386005, 0.9479669256833952, 0.7020507367134972, 0.058313817246454125, 0.660511698672298, 0.06554483668044953, 0.23664678646977255, 0.7761372867244064, 0.2917374624013923, 0.6051431849421888, 0.4082774935173994, 0.39409710074294035, 0.05116415423314502, 0.5722141137487152, 0.30696087113726866, 0.6567631524783434, 0.40034777372664965, 0.39636288444857226, 0.1002987406612309, 0.40025199654437715, 0.39192087530371666, 0.6156368370103519, 0.690870139662373, 0.41900034960934773, 0.43544171247859065, 0.21981736208048075, 0.6280870889166035, 0.7438813598236051, 0.08661402154815256, 0.7057816216269254, 0.8881554750014257, 0.3313252437278953, 0.9200440857790808, 0.864431548138126, 0.9157863461524588, 0.8318390949804007, 0.4336799913947418, 0.17162132146884446, 0.7287546750949999, 0.47061973847925, 0.19546726953108517, 0.9514357110852255, 0.284754216991431, 0.9794475778713121, 0.5667713710049579, 0.3461748354536749, 0.8797874249832539, 0.2836096256738717, 0.39742379076331125, 0.6125683231938875, 0.6496347078263083, 0.06314631343287636, 0.8426974055266959, 0.4444648432008005, 0.9798445347486856, 0.064235388183284, 0.8265378820044857, 0.5717951600689154, 0.2840031705782301, 0.09635441807149703]
[0.07947498182650448, 0.2278820449870934, 0.9427746731817002, 0.7088915857484833, 0.40510915592137076, 0.40938275324356366, 0.4715349720084058, 0.17098499121442445, 0.8705450280418299, 0.6827762301636767, 0.11004852894098671, 0.34949484319993984, 0.9633742532466418, 0.9263564270951724, 0.8444715917641767, 0.950116274497687, 0.5870856450964853, 0.08893397440893291, 0.42429702384883583, 0.25688283642796594]
*
*
*
*
Timestamp: 2016.04.22.12.07.07 Batches Running now:
[0.32962594602393636, 0.7380758171634174, 0.44335059878914085, 0.1310692470449374, 0.9689892676603016, 0.14191970172333723, 0.43891042556205007, 0.7919678852301397, 0.11419542294389862, 0.33239966034714197, 0.7527469026230209, 0.5991324218272202, 0.4237493823386005, 0.9479669256833952, 0.7020507367134972, 0.058313817246454125, 0.660511698672298, 0.06554483668044953, 0.23664678646977255, 0.7761372867244064, 0.6051431849421888, 0.2917374624013923, 0.4082774935173994, 0.39409710074294035, 0.05116415423314502, 0.5722141137487152, 0.30696087113726866, 0.6567631524783434, 0.40034777372664965, 0.14210690397311843, 0.40025199654437715, 0.39636288444857226, 0.1002987406612309, 0.39192087530371666, 0.41900034960934773, 0.6156368370103519, 0.690870139662373, 0.43544171247859065, 0.7438813598236051, 0.21981736208048075, 0.6280870889166035, 0.08661402154815256, 0.7057816216269254, 0.8881554750014257, 0.3989050847805631, 0.9200440857790808, 0.3313252437278953, 0.864431548138126, 0.9157863461524588, 0.4336799913947418, 0.8318390949804007, 0.17162132146884446, 0.47061973847925, 0.7287546750949999, 0.19546726953108517, 0.9514357110852255, 0.9794475778713121, 0.284754216991431, 0.5667713710049579, 0.8797874249832539, 0.3461748354536749, 0.2836096256738717, 0.39742379076331125, 0.6125683231938875, 0.6496347078263083, 0.4444648432008005, 0.09635441807149703, 0.22172613170862454, 0.30690298998810017, 0.4059262910741336, 0.6595432203704596, 0.950116274497687, 0.3816074462626423, 0.06314631343287636, 0.33644445239883836, 0.9893943536273004]
[0.07947498182650448, 0.2278820449870934, 0.9427746731817002, 0.7088915857484833, 0.40510915592137076, 0.40938275324356366, 0.4715349720084058, 0.17098499121442445, 0.8705450280418299, 0.6827762301636767, 0.11004852894098671, 0.34949484319993984, 0.5717951600689154, 0.9148002911049599, 0.9263564270951724, 0.49979693944415127, 0.2840031705782301, 0.42429702384883583, 0.9755225762950395, 0.8265378820044857]
*
*
*
*
