Timestamp: 2016.04.12.11.53.06 Positive Percentage:
0.9083333333333333 0.45074701195219125
0.915 0.436652977412731
0.8866666666666667 0.42145127118644066
0.895 0.4061816192560175
0.88 0.3895927601809955
0.8783333333333333 0.37236533957845436
0.8716666666666667 0.35394417475728157
0.8266666666666667 0.3343828715365239
0.8066666666666666 0.3150523560209424
0.7566666666666667 0.2949591280653951
0.74 0.2752840909090909
0.6733333333333333 0.2545994065281899
0.6216666666666667 0.23509316770186336
0.565 0.21620521172638438
0.49833333333333335 0.19828767123287672
0.4483333333333333 0.18203971119133575
0.3616666666666667 0.166793893129771
0.315 0.15495951417004047
0.25333333333333335 0.14461206896551723
0.25666666666666665 0.13709677419354838
0.21666666666666667 0.12821782178217822
0.14666666666666667 0.12112299465240642
0.15833333333333333 0.1188953488372093
0.13333333333333333 0.11512738853503185
0.08666666666666667 0.11320422535211268
0.08 0.11633858267716535
0.09 0.12120535714285714
0.07666666666666666 0.12603092783505154
0.08666666666666667 0.1350609756097561
0.04833333333333333 0.1458955223880597
0.03333333333333333 0.17403846153846153
0.043333333333333335 0.23108108108108108
0.11 0.35909090909090907
0.8928571428571429 0.8928571428571429
*
*
Timestamp: 2016.04.12.20.26.28 Positive Percentage:
0.9883333333333333 0.45074701195219125
0.9283333333333333 0.4341889117043121
0.8816666666666667 0.4184851694915254
0.825 0.4032822757111597
0.8016666666666666 0.3889705882352941
0.7816666666666666 0.37447306791569085
0.7433333333333333 0.3596480582524272
0.7516666666666667 0.3451511335012594
0.725 0.32918848167539266
0.675 0.3130108991825613
0.665 0.2975852272727273
0.615 0.28123145400593474
0.57 0.2656832298136646
0.4766666666666667 0.250814332247557
0.45166666666666666 0.23921232876712328
0.32666666666666666 0.2277075812274368
0.345 0.22204198473282444
0.255 0.2145748987854251
0.2683333333333333 0.21196120689655173
0.23333333333333334 0.20806451612903226
0.16666666666666666 0.20618811881188118
0.17666666666666667 0.20935828877005347
0.16 0.21220930232558138
0.10166666666666667 0.21719745222929937
0.1 0.22940140845070423
0.08333333333333333 0.24468503937007874
0.08166666666666667 0.2662946428571429
0.08 0.2948453608247423
0.10666666666666667 0.33414634146341465
0.09833333333333333 0.3850746268656716
0.043333333333333335 0.46778846153846154
0.23833333333333334 0.6398648648648648
0.8833333333333333 0.9136363636363637
0.9785714285714285 0.9785714285714285
*
*
Timestamp: 2016.04.13.03.46.29 Positive Percentage:
0.9883333333333333 0.45074701195219125
0.9666666666666667 0.4341889117043121
0.9666666666666667 0.41726694915254237
0.93 0.3992341356673961
0.9116666666666666 0.38122171945701355
0.8433333333333334 0.36258782201405154
0.7933333333333333 0.3450849514563107
0.78 0.3281486146095718
0.7266666666666667 0.3104057591623037
0.72 0.2933923705722071
0.6233333333333333 0.2752130681818182
0.53 0.2597181008902077
0.4716666666666667 0.2471273291925466
0.4166666666666667 0.23615635179153094
0.35833333333333334 0.2268835616438356
0.33166666666666667 0.2197653429602888
0.24 0.2133587786259542
0.22333333333333333 0.2117408906882591
0.19333333333333333 0.21099137931034484
0.16 0.21221198156682028
0.17 0.2160891089108911
0.185 0.2197860962566845
0.15 0.22281976744186047
0.13833333333333334 0.22977707006369427
0.15166666666666667 0.23943661971830985
0.19833333333333333 0.2498031496062992
0.18166666666666667 0.25669642857142855
0.15833333333333333 0.26829896907216494
0.215 0.28841463414634144
0.145 0.3048507462686567
0.10333333333333333 0.35096153846153844
0.085 0.45135135135135135
0.5766666666666667 0.7011363636363637
0.9740740740740741 0.9678571428571429
0.6666666666666666 0.8
*
*
Timestamp: 2016.04.13.12.08.11 Positive Percentage:
0.9733333333333334 0.45074701195219125
0.97 0.4346509240246407
0.91 0.4176377118644068
0.8716666666666667 0.4014770240700219
0.82 0.38552036199095024
0.7583333333333333 0.3702576112412178
0.76 0.35612864077669903
0.7283333333333334 0.3408690176322418
0.6733333333333333 0.3256544502617801
0.6083333333333333 0.3114441416893733
0.58 0.2987926136363636
0.5833333333333334 0.2862759643916914
0.525 0.27243788819875775
0.4766666666666667 0.26009771986970687
0.44166666666666665 0.24897260273972602
0.36 0.23853790613718412
0.2833333333333333 0.23158396946564885
0.3 0.2284412955465587
0.19666666666666666 0.2238146551724138
0.21666666666666667 0.22569124423963133
0.16333333333333333 0.22636138613861387
0.13333333333333333 0.23141711229946524
0.145 0.23997093023255814
0.15166666666666667 0.24904458598726115
0.16666666666666666 0.259330985915493
0.18666666666666668 0.2702755905511811
0.18166666666666667 0.2814732142857143
0.18 0.29690721649484536
0.17166666666666666 0.3182926829268293
0.14833333333333334 0.3511194029850746
0.06 0.4096153846153846
0.205 0.5513513513513514
0.72 0.7875
0.9314079422382672 0.9321428571428572
1.0 1.0
*
*
*
*
