Timestamp: 2016.04.19.20.42.10 Positive Percentage(VoteNew3Model):
0.9066666666666666 0.45074701195219125
0.8016666666666666 0.4367043121149897
0.7566666666666667 0.4251059322033898
0.7283333333333334 0.41422319474835884
0.7033333333333334 0.4035633484162896
0.67 0.3930327868852459
0.6316666666666667 0.3829490291262136
0.6216666666666667 0.373551637279597
0.5983333333333334 0.3638089005235602
0.54 0.3542234332425068
0.5016666666666667 0.3463068181818182
0.4583333333333333 0.33939169139465875
0.46166666666666667 0.3338509316770186
0.44333333333333336 0.32760586319218243
0.43333333333333335 0.32166095890410956
0.425 0.31561371841155234
0.3883333333333333 0.30935114503816796
0.4066666666666667 0.30455465587044533
0.3616666666666667 0.2979525862068966
0.37 0.29354838709677417
0.33666666666666667 0.28787128712871285
0.3416666666666667 0.2839572192513369
0.2783333333333333 0.27892441860465117
0.2966666666666667 0.2789808917197452
0.27166666666666667 0.27711267605633805
0.25333333333333335 0.277755905511811
0.24 0.2810267857142857
0.2733333333333333 0.28737113402061853
0.27166666666666667 0.2899390243902439
0.29333333333333333 0.29402985074626864
0.31333333333333335 0.29423076923076924
0.275 0.2864864864864865
0.26166666666666666 0.2943181818181818
0.30962343096234307 0.36428571428571427
0.6666666666666666 0.6829268292682927
*
*